241317679288411 -0.134900 0.170912 0.542654 0.031351 1.222238 0.129463 -0.802953 0.196232 0.352919 -1.651657 -0.259640 0.380979 0.212262 -0.203645 -0.862963 0.302610 -0.304682 -1.293340 -0.481807 -0.121170 0.574798 0.054033 -0.218720 -0.169176 0.045297 0.003728 -0.125089 -0.896045 0.353543 -0.162378 0.381961 0.088058
179609608748134 0.443796 -0.084128 0.601780 0.248980 -0.679612 0.476784 -1.248303 -0.044471 0.597592 -0.165367 -0.175696 -0.348852 -0.307620 0.385404 -0.826406 -0.432157 -0.187125 -0.068031 -0.952268 -0.768062 -0.255187 0.752610 0.234831 -0.221541 0.038665 -0.211139 -0.330113 -0.589020 0.508897 0.819100 -0.096099 -0.428156
160729029892 0.326315 0.246241 -0.438563 -0.242910 0.202550 0.695854 -0.975051 -0.268560 0.341767 -0.927485 -0.412757 -0.485598 0.108167 0.838734 -0.093652 -0.542158 0.153295 0.595645 -0.473928 -0.052160 0.969839 0.770487 -0.283517 -0.535605 -0.062134 0.232497 -0.294383 -0.368714 -0.247170 0.634722 -0.692690 -0.736781
113791238657176 -0.382298 -0.164247 -0.003178 -0.009009 0.068187 0.321139 -0.645238 -0.352499 0.508006 0.374758 -0.084038 -1.022691 0.269020 0.711644 -0.410850 -0.212128 -0.182708 -0.358038 -0.796174 0.126308 -0.001050 -0.296425 0.537230 -0.748249 -0.389170 0.169631 -0.491199 0.113271 0.071021 0.406410 0.080758 -0.520463
151271931596606 -0.470534 -0.347740 -0.168888 -0.366697 0.139046 0.534190 -0.523438 0.263017 0.391378 0.498200 0.081055 -0.821083 0.225595 0.617947 -0.473206 -0.161770 -0.207246 -0.068017 -0.988629 0.239752 0.655021 -0.294376 0.334986 -0.362771 -0.099551 0.343911 -0.346209 -0.244678 -0.376915 0.711674 0.122913 -0.133537
369904272838 -0.281387 0.309052 0.400805 -0.523368 -0.393494 0.258916 -0.628885 0.465387 0.372229 -0.393077 -0.574613 -0.900567 1.546182 0.348708 -0.915802 0.703861 0.206927 -0.239750 -1.074740 0.717475 0.150969 -0.135132 -0.392956 -0.616500 0.244899 0.724395 -0.286747 -0.143431 0.420654 1.100764 0.099062 -0.545798
165780076805908 0.113371 0.029775 -0.096529 -0.609052 1.156264 -0.074625 -0.135625 0.498505 0.013070 0.532697 -0.071833 -0.146389 0.225864 1.053548 -0.734067 0.178575 -0.373368 -0.381364 -1.635977 -0.026137 0.932179 0.238731 0.338247 -0.265855 0.386507 -0.042352 -0.314835 -0.239563 -0.951129 0.885707 0.310780 -0.003367
132793980083965 -0.362976 -0.781647 -0.085292 -0.039451 -0.067390 0.408493 -0.770030 -0.278835 0.590276 -0.105342 -0.316131 -0.795229 -0.004951 0.362629 -0.308453 -0.883424 -0.543050 0.261804 -1.150926 0.329727 0.710874 0.045850 0.203464 -0.106656 -0.119212 0.382244 0.202273 -0.495122 -0.155833 0.447539 -0.329526 0.278333
256265171166458 -0.712218 -0.279917 -0.208945 -0.175363 1.033507 0.100126 -0.011191 -0.136487 0.028216 0.639647 -0.029249 -0.608825 0.191533 0.720639 -0.457544 -0.192306 -0.228581 -0.538672 -1.570067 0.092140 0.894596 0.321679 0.264564 -0.356711 0.790500 -0.074932 -0.098877 -0.100863 -0.683168 0.753625 0.000162 -0.226924
120435151326642 -0.590048 -0.543919 0.006916 0.013572 0.378426 0.567964 -0.822152 -0.207461 0.352464 -0.183087 0.570395 -1.071523 -0.131270 0.795789 0.042445 -0.395546 -0.028526 -0.059356 -0.749787 0.601488 0.581367 0.137612 0.278255 -0.012654 -0.336846 0.735268 -0.247083 -0.660972 -0.407636 0.467849 -0.028348 0.090526
1667630436831222 -0.638511 -0.637391 0.010597 0.280008 0.144369 0.690010 -0.551391 -0.035279 0.525698 0.104336 0.253211 -1.054920 -0.261136 0.479411 -0.336547 -0.309926 -0.582606 -0.193763 -0.968999 0.718991 0.252179 0.634687 0.032731 0.009518 -0.177563 0.362342 0.115906 -0.359959 0.071461 0.164787 -0.095254 -0.109918
432321240139148 -0.674238 -1.215162 -0.287960 0.183146 0.355717 0.797861 -0.707355 -0.411325 0.182906 0.244337 0.207670 -0.619718 0.327703 0.251074 -0.731522 -0.164271 -0.644746 -0.154656 -1.210266 0.730677 0.349458 -0.063468 -0.165972 -0.142038 -0.038039 0.552354 -0.143013 -0.507574 -0.266144 0.305650 0.394444 -0.541537
167635259953475 -0.289944 -0.486869 -0.155689 0.055600 0.122129 0.745246 -0.752562 -0.444786 0.385732 0.211832 0.233591 -0.922228 0.048514 0.414771 -0.212931 -0.551800 -0.829346 -0.375912 -0.391790 0.549368 1.006036 0.328683 -0.013357 -0.454815 0.141084 0.411889 -0.483985 -0.418605 -0.206354 0.092861 -0.014715 -0.594020
100000091688605 -0.248939 0.493502 0.238851 0.255787 1.850279 0.312421 -0.124451 -0.095852 1.138263 -1.129595 -0.812324 0.119972 -0.024929 -0.092986 -0.610958 0.063489 -0.318285 -1.416327 -0.555156 0.162726 0.084707 0.204738 -0.028983 -0.086324 0.376685 -0.246054 0.248210 -0.957034 0.515164 0.119418 0.930172 -0.796777
1742013332726265 -0.483172 -0.350692 -0.120903 0.091798 0.391691 0.165917 -0.379815 -0.341205 0.251641 0.473013 -0.177117 -0.721057 0.185304 0.704154 -0.128356 -0.403156 -0.259833 -0.226489 -1.034480 0.257317 0.438326 0.151799 0.267945 -0.231921 0.344634 0.241117 -0.061612 -0.136029 -0.461562 0.549976 -0.090835 -0.058895
151600248227631 -0.685041 -0.317413 -0.675890 0.283956 0.234273 0.498109 -0.591328 0.788305 0.745966 0.062089 0.357402 -0.921962 -0.762796 0.583139 -0.444894 -0.135920 -0.919706 -0.652002 -1.059253 0.722192 -0.001935 0.366594 0.627716 -0.467153 -0.278876 0.825949 -0.025971 -0.456942 0.168790 0.442609 0.063891 -0.445258
1730669957193936 -0.359650 -0.691636 -0.134866 0.033403 0.141566 0.528533 -0.792526 -0.303374 0.251229 0.176641 0.123991 -0.801811 0.058270 0.526355 -0.223789 -0.352001 -0.243914 -0.070192 -0.952625 0.527885 0.606473 -0.082602 0.101337 -0.140073 -0.234815 0.277680 -0.183081 -0.636328 -0.361361 0.390368 0.152985 0.048340
1732197670374498 -0.039679 -0.029463 -0.250578 0.054843 0.255898 0.610306 -0.751348 -0.406139 0.399135 -0.118758 0.311752 -0.860929 -0.036625 0.731573 0.198495 -0.315345 0.055296 0.053316 -0.445777 0.375969 0.913277 0.074832 0.006357 -0.370925 -0.152828 0.155944 -0.447302 -0.477834 -0.467255 0.360180 -0.357374 -0.563021
516375861892113 0.322304 -0.081907 0.908024 -0.141856 1.632747 0.260186 -0.386306 0.252196 0.194225 -1.806165 -0.085953 0.199951 -0.222932 -0.374525 -0.333075 0.396563 -0.573748 -0.723566 -1.159586 -0.698197 0.646313 -0.299162 0.120436 -0.308111 0.295996 0.306616 -0.173133 -0.536215 0.081807 0.325220 0.352921 -0.265200
307018962803684 0.083956 0.348986 0.602367 -0.343875 -0.661801 0.544971 -0.429411 0.387976 0.008009 -0.554808 -0.060232 -0.550133 0.968029 0.721417 -0.644566 0.070365 0.357498 0.161417 -0.919400 -0.572187 1.033917 -0.232372 -0.496199 -0.294239 0.273445 0.552551 -0.505882 -0.259388 0.314091 1.730313 -0.310627 -0.832829
1732978630296402 -0.423449 -0.086360 -0.270014 0.150599 0.143983 0.500255 -0.717885 -0.005821 0.450859 0.177510 0.500008 -1.089760 -0.237382 0.724857 -0.080292 -0.147964 -0.427902 -0.580861 -0.599746 0.604885 0.203363 0.235905 0.527015 -0.368168 -0.087776 0.570107 -0.362564 -0.291602 -0.280460 0.303747 0.247345 -0.466558
1741455746115357 -0.898474 -0.995168 -0.141475 -0.025897 0.182463 0.678765 -0.653562 -0.369109 0.194029 -0.164798 0.183517 -0.602122 0.034249 0.423397 -0.369486 -0.463138 -0.117418 0.088595 -1.209440 0.468035 0.312526 -0.285080 0.027869 0.141233 -0.108171 0.805901 0.109639 -0.602926 -0.459644 0.530344 0.276372 -0.065131
136496423176024 0.123790 -0.139294 0.587743 0.133226 1.090365 0.224211 -0.999253 -0.072374 -0.218129 -2.319986 -0.646267 0.004869 0.227463 -0.072261 -0.510643 0.445309 -0.965244 -0.364785 -0.843750 0.701656 0.021741 0.777606 -0.706713 0.380109 0.538049 0.157969 -0.321428 -0.666560 1.117750 0.860635 0.635064 0.030435
514876042042095 -0.200545 0.040085 1.016101 0.304804 1.549101 0.306084 -0.562279 -0.054445 0.405378 -1.639396 0.696197 -0.265986 -0.323827 -0.370593 -0.231771 0.240112 0.067965 -1.130358 -0.504112 -0.120103 0.571012 0.225904 0.209506 0.033496 0.016353 0.489952 -0.170104 -1.027456 0.065912 0.131732 0.522036 0.532158
295578530487432 0.206990 0.021074 1.328591 -0.009284 1.815262 0.360402 -0.465816 0.156598 0.245307 -1.757219 0.446128 0.007380 -0.307813 -0.404399 -0.178092 0.403055 -0.069950 -1.086051 -0.991353 -0.803107 0.692361 0.066115 0.279895 -0.186740 0.157342 0.450445 -0.220589 -0.896786 -0.159140 0.369981 0.486173 0.163851
10207420268054993 0.065296 -0.295699 0.513682 0.006249 1.302833 0.072133 -0.943024 0.018097 -0.381804 -1.913507 -0.472213 0.069235 0.381656 -0.008376 -0.455032 0.367853 -0.722638 -0.620439 -0.548643 0.432552 0.266001 0.480666 -0.615527 0.288796 0.641505 0.131013 -0.177773 -0.737465 0.753137 0.658226 0.603844 0.512974
1033174230114819 0.090069 -0.097136 0.502326 -0.169595 -0.808321 0.466008 -0.425696 0.548541 0.114713 0.180194 0.209818 -0.391272 0.178757 0.551082 -0.808770 -0.200358 -0.053457 0.114672 -1.316408 -0.755204 0.406744 0.124334 0.018850 -0.102257 0.231998 0.315193 -0.378691 -0.318666 0.072980 1.330542 0.060006 -0.258740
1731567660437499 -0.434049 -0.450138 0.018460 0.230762 0.239081 0.486309 -0.864016 -0.659139 0.440148 0.135720 -0.052482 -1.090590 0.068280 0.781406 -0.038861 -0.609386 -0.293798 -0.260646 -0.657970 0.462740 0.538102 0.117286 0.310257 -0.163169 -0.090725 0.359337 -0.248961 -0.399754 -0.338567 0.314922 -0.033949 -0.081936
1775095692759001 0.263951 -0.255819 -0.042685 0.076442 -0.258047 0.573714 -0.818990 -0.106279 0.499166 -0.308360 -0.380996 -0.382094 -0.315182 0.483472 -0.355868 -0.749814 -0.356861 0.575759 -0.697178 -0.161817 0.214452 0.685624 -0.052589 -0.120537 -0.115346 0.144967 0.120260 -0.483771 0.136612 0.492614 -0.678423 -0.122150
532465233609835 -0.563008 -0.294605 0.485446 0.561976 0.835366 0.571151 -0.652821 -0.363054 0.550655 -0.637713 1.230522 -1.109618 -0.217265 0.259110 0.164462 0.067715 0.445203 -0.542118 -0.555900 0.454372 0.410330 0.444245 0.356607 0.080169 0.075482 0.566132 -0.405038 -0.950356 -0.389809 0.483977 0.154442 0.497917
326683984410 0.451904 0.831192 -0.664242 -0.373758 1.115401 0.844003 -1.239133 -0.086585 -0.710544 -1.061113 -0.653196 -0.158127 0.131976 1.121236 0.202294 -0.251426 0.014391 0.134180 -0.984296 0.206122 0.419352 0.791040 -0.412266 -1.345646 0.228716 0.618463 -0.517700 -0.588604 0.636342 0.485924 -1.140388 -0.850210
1774504979484739 0.468916 0.198502 -0.237190 0.066536 -0.312115 0.454275 -0.829611 -0.095811 0.570692 -0.011111 -0.222437 -0.686531 -0.123222 0.697601 -0.378250 -0.222783 -0.055456 0.189036 -0.467349 -0.094855 0.065935 0.623776 0.244621 -0.620323 -0.090125 -0.256865 -0.337417 -0.191560 0.086129 0.540780 -0.503271 -0.815199
1732138430380422 -0.636011 -0.557562 -0.585548 0.280743 0.177179 0.519291 -0.504148 0.120797 0.325605 0.246249 0.198824 -0.706652 -0.384678 0.467660 -0.452679 -0.152947 -0.509587 -0.502865 -1.095856 0.336185 0.064962 -0.389801 0.313669 -0.431180 -0.200524 0.398746 -0.125918 -0.391922 -0.188294 0.636962 0.231780 -0.648066
1742095812718017 -0.462661 -0.869677 -0.321480 0.110163 -0.074568 0.550616 -0.684938 -0.264287 0.419881 0.245135 -0.343840 -0.715485 0.230057 0.591077 -0.577415 -0.413894 -0.339066 0.082329 -1.143387 0.434526 0.364125 -0.178737 0.129653 -0.204315 -0.145936 0.441028 -0.000449 -0.349698 -0.127660 0.580994 0.007174 -0.372967
338799903129249 -0.360333 -0.135673 -0.200481 -0.328272 0.645361 0.077203 -0.191221 0.291258 -0.006825 0.497567 0.034033 -0.362558 0.013184 0.817259 -0.141940 -0.101689 -0.197269 -0.279303 -1.534725 -0.008741 1.010166 -0.226942 -0.025601 -0.376714 0.315283 0.027220 -0.293554 -0.592674 -0.695550 0.821679 -0.086690 -0.146800
465683626812716 -0.368446 0.652678 1.633299 -0.616663 1.613512 1.335186 -0.143290 -0.796445 -0.862522 -1.643985 -0.267839 -1.377552 0.165944 -0.407202 -0.902836 0.246978 -0.437574 -0.807599 -1.347535 -0.592377 -0.848446 1.372780 0.671824 -0.678732 0.944171 0.588178 -0.175697 0.112821 0.013242 1.784855 -0.480947 -0.370048
308291172876720 -0.370116 0.629195 1.588387 -0.618887 1.604597 1.345669 -0.184910 -0.753769 -0.810903 -1.633105 -0.279621 -1.386755 0.183961 -0.357417 -0.933118 0.238330 -0.452112 -0.821553 -1.370267 -0.553644 -0.829365 1.340811 0.649605 -0.673016 0.943108 0.618782 -0.152394 0.070095 0.014677 1.794446 -0.469723 -0.388374
10211088875714624 -0.144020 0.503225 0.651057 -0.464649 1.203607 0.557121 -0.962766 -0.377607 -0.219537 -1.361781 -0.758229 0.073292 0.167553 -0.058837 -0.810632 -0.210470 -0.173575 -1.099595 0.081472 -0.472777 0.490751 -0.088170 0.294682 -0.769548 0.149437 0.279121 0.312185 -1.102759 0.913266 -0.304430 0.483286 0.245709
100000629738802 0.201135 0.234545 1.140074 -0.277914 -0.244896 0.559760 -1.590535 0.212600 -0.118641 -0.387597 0.159975 -0.329142 -0.582052 0.452484 -0.754389 -0.428059 0.016005 -0.179107 -1.295879 -0.825912 -0.630063 1.295585 0.650847 -0.073383 0.268437 -0.163471 -0.421778 -0.364904 0.702183 0.343101 0.340202 -0.223582
351726008502307 0.946940 0.157469 0.400543 0.423566 -0.364267 0.410607 -0.701775 0.084975 0.643674 -0.119682 -0.257240 -0.379895 -0.079887 0.408142 -1.199576 0.056820 -0.746709 -0.230979 -1.444601 -1.107346 -0.552526 1.028426 -0.004542 -0.340361 0.461635 -0.462449 -0.045958 -0.374183 0.201955 1.216478 -0.168037 0.112955
343532235989349 -0.586761 -0.026936 0.143794 -0.495482 1.151863 0.086235 -0.156538 0.285360 -0.234856 0.573621 -0.184656 -0.307933 0.178384 0.594131 -0.265598 -0.029353 -0.301966 -0.579398 -1.774248 -0.177506 0.900174 0.173881 -0.014450 -0.449699 0.861045 0.022416 -0.242495 -0.552797 -0.788835 0.912830 0.048778 0.140153
353134391695800 -0.302518 -0.239593 -0.095335 -0.230048 0.595449 0.215591 -0.080057 0.286727 0.257734 0.593667 0.227301 -0.449341 0.216844 0.937438 -0.492686 -0.010892 0.029074 -0.256894 -1.336493 0.033743 0.926982 0.005050 0.357690 -0.122334 0.280304 0.075461 -0.289086 -0.209960 -0.659176 0.855589 0.120536 -0.184952
1690415054614118 -0.362600 -0.054549 0.070915 -0.105532 -0.069398 0.198958 -0.466784 -0.082055 0.424573 0.410388 -0.165621 -0.962528 0.795331 0.533043 -0.431690 0.232908 -0.054155 -0.375992 -0.786999 0.670425 0.242139 -0.280214 0.082756 -0.485353 0.034364 0.220837 -0.375473 0.007403 -0.033925 0.536995 0.170101 -0.353124
1838301766399393 -0.556046 -0.497742 -0.312341 0.050093 0.176605 0.708090 -0.479255 -0.015926 -0.088648 0.467437 0.000313 -0.946732 0.050723 0.661529 -0.411599 0.112360 0.583974 -0.459766 -1.299107 0.360329 0.400307 -0.375822 0.405001 -0.753282 -0.222195 -0.328338 -0.337054 -0.429527 0.601522 0.659640 0.053985 -0.041303
345206612488578 -0.311700 -0.214485 -0.350267 -0.334108 0.702475 -0.105498 -0.177826 0.099635 0.076601 0.455668 0.220236 -0.509012 0.487547 0.882910 -0.420085 0.026251 -0.084914 -0.437559 -1.363077 0.220117 0.908866 0.236766 0.439675 -0.391008 0.428654 0.090056 -0.334746 -0.216151 -0.555323 0.798230 0.206514 -0.162966
344965915845981 -0.285537 -0.095317 -0.167668 -0.382329 0.652533 0.068193 -0.160608 0.249989 0.231637 0.562541 0.026750 -0.541167 0.439377 0.893795 -0.469659 0.012147 -0.125749 -0.323025 -1.291831 0.207048 0.855667 0.048387 0.369538 -0.265253 0.303993 -0.020671 -0.256756 -0.133785 -0.585623 0.829150 0.161055 -0.052541
358919387591 -0.474814 -0.175415 0.758856 0.465629 1.283520 0.492576 -0.611028 -0.288492 0.610164 -1.142060 1.104124 -0.802515 -0.300821 0.004330 0.055586 0.154804 0.232991 -0.864662 -0.575402 0.324545 0.520598 0.265577 0.294381 0.173095 -0.057799 0.562753 -0.333197 -1.050257 -0.251629 0.243143 0.445973 0.537470
1702601406728816 -0.278648 -0.349601 -0.003116 0.105804 -0.104765 0.090977 -0.753526 -0.543936 0.876936 -0.196946 -0.460378 -0.940656 -0.056503 0.557575 -0.348991 -0.740000 -0.625556 -0.129760 -0.890685 0.202805 0.559566 -0.645197 0.136534 -0.242758 -0.644740 -0.210893 0.025458 -0.301438 -0.085986 0.536992 -0.048593 0.211250
564870833709282 0.164759 0.630056 0.054843 0.515525 1.091081 0.531837 -0.078666 0.416239 0.340860 -1.403949 -0.377786 -0.148936 -0.324834 -0.440989 -1.475344 0.451115 0.330348 -0.588155 -1.089781 -0.200370 1.128374 0.012758 -0.548642 -0.622095 -0.381173 0.193485 -0.341706 -0.951975 0.775563 -0.137040 0.347315 0.019830
123624513983 -0.813264 -0.760788 0.245653 0.472133 -0.033378 0.611287 -0.488352 0.052769 0.762656 -0.110240 0.077312 -1.353745 0.018503 0.459259 -0.612914 -0.211496 -0.690754 -0.152520 -1.410646 1.114605 0.355736 0.743364 -0.346679 -0.018277 -0.282403 0.270095 0.344798 -0.277515 0.655470 0.215416 -0.425351 -0.125614
10210487078110060 -0.773526 0.489575 0.201546 -0.362408 1.597205 -0.138349 -0.342045 0.320210 0.038850 -1.333862 -0.190757 0.483459 0.218578 -0.408609 -1.181155 0.363276 -0.208996 -1.563373 -0.420287 -0.165661 0.642284 0.711877 -0.133031 -0.350852 0.186572 -0.050882 0.001238 -0.102980 0.588360 0.644499 -0.161556 0.201910
518474825015550 0.000097 0.196205 0.972059 -0.065256 1.720673 0.253762 -0.457042 0.076221 0.310328 -1.561052 0.060858 0.209163 -0.133038 -0.346844 -0.299032 0.313690 -0.150285 -1.277056 -0.653539 -0.608413 0.454471 0.205929 0.162193 -0.235148 0.071284 0.229092 -0.068523 -0.801798 0.135429 0.356717 0.503385 0.054548
342805252728714 -0.350190 -0.173384 -0.240907 -0.131399 0.853320 0.334181 -0.091579 0.190519 0.192348 0.540982 0.057567 -0.388499 0.273240 0.873312 -0.494860 0.059144 -0.068063 -0.454443 -1.187918 0.207523 0.754559 -0.059886 0.436797 -0.163998 0.371882 0.210925 -0.210823 -0.077099 -0.608079 0.682575 0.213485 -0.279855
194732697617853 0.518510 0.572440 -0.482597 -0.274028 0.626620 0.678508 -0.985836 -0.167533 -0.310536 -0.644789 -0.491290 -0.222059 0.102861 1.053451 -0.013885 -0.354373 0.058502 0.307921 -0.731650 -0.108207 0.630722 0.619506 -0.246203 -1.043113 0.111446 0.190846 -0.537313 -0.509814 0.403611 0.661737 -0.990565 -1.016534
1742096346051297 -0.383830 -0.521648 -0.495748 -0.120604 0.061190 0.777442 -0.592131 0.001779 0.043611 0.502637 0.199378 -0.628976 0.288858 0.483887 -0.476797 -0.155105 -0.409542 -0.243142 -0.963092 0.553155 0.716023 -0.030502 -0.120432 -0.462214 0.159257 0.572444 -0.386566 -0.426368 -0.340917 0.455759 0.106713 -0.736033
1761596697434595 -0.268497 -0.561253 -0.406393 0.280751 0.142621 0.651813 -0.828463 -0.594696 0.280898 0.249858 0.066602 -0.784683 0.106267 0.376647 -0.324434 -0.346255 -0.921792 -0.409397 -0.642681 0.634449 0.493039 0.119563 -0.133926 -0.518514 0.034722 0.256277 -0.355673 -0.400427 -0.156287 0.071451 0.094084 -0.775516
1741849949409270 -0.590194 -0.656016 -0.295608 0.156094 0.129923 0.504552 -0.453974 -0.277219 0.253751 0.398711 0.178491 -0.758517 0.385168 0.565847 -0.515073 -0.095025 -0.225330 -0.258423 -1.191579 0.507126 0.247978 -0.271073 0.074300 -0.303618 0.028436 0.459317 -0.253927 -0.323515 -0.303874 0.691509 0.195681 -0.625691
1657283527865913 -0.855484 -0.804723 0.519633 0.328240 -0.142797 0.453306 -0.527414 0.075186 0.787000 -0.469721 -0.257471 -1.263421 0.060228 0.438104 -0.534109 -0.464942 -0.403539 0.193080 -1.354528 0.919177 0.437386 0.640646 -0.288504 0.190115 -0.312782 0.422291 0.553404 -0.302121 0.593373 0.358865 -0.590869 0.399109
563280827201616 0.033018 0.303220 0.487979 0.153091 1.204564 0.231069 -0.604964 0.076990 0.006335 -2.081815 -0.519773 0.253853 -0.061607 -0.397210 -0.658385 0.457033 -0.579550 -0.660395 -0.566299 0.301267 0.208245 0.588709 -0.488031 0.083798 0.150231 0.116813 -0.209881 -0.579829 1.102286 0.440121 0.473156 -0.077257
197419850682471 0.421286 0.559890 -0.592707 -0.270241 0.571149 0.782511 -1.082980 -0.165807 -0.268846 -0.769934 -0.568062 -0.285920 0.029443 0.988595 0.104138 -0.457148 -0.014915 0.322199 -0.736224 0.078093 0.538927 0.620017 -0.321449 -1.035735 0.010695 0.369067 -0.432555 -0.450109 0.441266 0.541855 -1.041299 -0.912123
1060974104001498 0.198240 0.391431 0.281043 -0.335432 -0.430835 0.716476 -0.611542 0.216628 0.085969 -0.779793 -0.216112 -0.485840 0.635508 0.757029 -0.393908 -0.175109 0.467289 0.491063 -0.575338 -0.354252 1.147057 0.245017 -0.442865 -0.335528 0.284980 0.585814 -0.452689 -0.396748 0.224143 1.404304 -0.729548 -1.043126
1690788777910079 -0.280109 -0.084750 -0.065394 0.016750 -0.081067 0.067167 -0.445158 0.023850 0.819347 0.081779 0.160073 -0.955722 -0.068398 0.638038 -0.530776 -0.281236 -0.587499 -0.405431 -1.203256 0.040294 0.544650 -0.762505 0.189474 -0.374017 -0.514375 -0.266131 -0.262029 -0.216844 -0.182360 1.012630 0.168382 -0.156443
1060698677362374 -0.081956 0.330039 0.511431 -0.473715 -0.696260 0.426265 -0.526742 0.369135 0.132717 -0.536420 -0.457314 -0.592423 1.334671 0.504552 -0.845139 0.342149 0.352865 0.116722 -0.986054 -0.055921 0.508656 -0.300549 -0.550103 -0.489745 0.252054 0.679395 -0.459906 -0.247853 0.481546 1.566377 -0.045821 -0.776330
1060741374024771 -0.138389 0.384640 0.918041 -0.225868 -0.690548 0.452943 -0.506868 0.342814 0.265964 -0.657083 -0.238443 -0.777932 1.308835 0.375494 -0.763034 0.434474 0.471567 -0.127744 -0.655421 -0.104122 0.536624 -0.091605 -0.439760 -0.313894 0.292905 0.717182 -0.526576 -0.214651 0.472916 1.500171 0.002451 -0.806730
194693764288413 0.312908 0.457743 -0.494409 -0.178501 0.689398 0.790896 -1.118805 -0.159513 -0.106340 -0.924221 -0.451085 -0.401018 -0.146543 1.009686 0.183674 -0.544027 0.142604 0.426495 -0.649584 0.142548 0.539347 0.881946 -0.132166 -0.815709 0.050585 0.495503 -0.314937 -0.590874 0.328607 0.526568 -1.077330 -0.713106
1764732510461986 0.299272 -0.172522 0.342743 0.341652 -0.351445 0.270338 -0.745612 -0.273929 0.352601 0.466831 0.006865 -0.582757 -0.076911 0.609171 -0.628055 -0.242598 -0.268921 -0.267164 -1.069734 -0.641964 -0.308962 0.389116 0.294938 -0.463272 -0.129894 -0.383843 -0.522597 -0.249241 0.068393 0.633383 0.172531 -0.403581
1676229349363550 -0.531790 -0.161166 0.426622 0.154453 1.434160 0.906684 -0.120420 -0.368786 0.064561 0.926111 -0.235263 -0.436138 0.633712 0.735883 -0.822309 0.064228 0.169363 -0.930044 -1.375585 -0.241909 0.869938 0.383303 0.358841 -0.194163 1.458010 0.022393 -0.419569 0.016081 -0.710090 0.994026 0.306652 -0.594365
1764440430491194 0.145253 -0.136438 0.246026 0.390572 -0.403001 0.248132 -0.756732 -0.318730 0.600536 0.223558 0.017552 -0.797384 -0.171883 0.495366 -0.543865 -0.421392 -0.446780 -0.289241 -0.852218 -0.483368 -0.239271 0.325090 0.343294 -0.423913 -0.260268 -0.225127 -0.462958 -0.261358 0.131387 0.609311 0.025215 -0.315395
14081294537 -0.351479 0.642516 0.162710 0.197991 1.801875 0.406959 -0.172538 -0.218016 1.166566 -1.057745 -0.824049 0.037645 -0.095055 -0.002364 -0.733534 -0.001631 -0.229956 -1.407065 -0.462031 0.150231 0.162237 0.128325 0.039179 -0.256127 0.344701 -0.277567 0.250605 -0.980886 0.593236 0.051192 0.829265 -0.799549
344353522573887 -0.322309 -0.186026 -0.198055 -0.367913 1.142902 0.070584 0.012695 0.278451 0.081935 0.599506 -0.052869 -0.381746 0.260478 0.964747 -0.568853 -0.010806 -0.263454 -0.449702 -1.624496 0.081372 1.007598 0.479196 0.428920 -0.252186 0.520140 -0.035254 -0.140428 -0.187629 -0.694871 0.756222 0.077390 0.045269
1691620804493543 -0.276654 -0.203851 -0.095999 0.108955 -0.026223 0.334132 -0.474489 -0.032819 0.471802 0.420013 0.125362 -0.942271 0.149826 0.665597 -0.503739 0.050801 -0.070967 -0.432237 -0.961177 0.279884 0.286060 -0.221832 0.271251 -0.456416 -0.253456 0.026894 -0.413465 -0.129079 -0.061604 0.566835 0.157103 -0.521637
1705903553065268 -0.252817 -0.254829 -0.080169 0.047253 -0.124969 0.282819 -0.489248 -0.147773 0.441198 0.397480 0.036772 -0.840181 0.227290 0.825819 -0.457304 -0.137412 -0.034630 -0.241021 -1.027656 0.114999 0.369479 -0.373589 0.342304 -0.454527 -0.211452 0.223962 -0.456209 -0.138390 -0.149756 0.713599 0.068971 -0.528140
71775700624 -0.228963 0.504205 0.258651 0.203065 1.888461 0.340789 -0.193132 -0.263793 1.186558 -1.082001 -0.941027 0.103979 -0.051089 0.058905 -0.477203 -0.015674 -0.458995 -1.393360 -0.487314 0.234279 -0.045284 0.127351 0.074259 -0.049939 0.488468 -0.274316 0.333146 -0.994068 0.462312 0.039789 0.990521 -0.919248
198320350202343 -0.277229 0.680566 0.061286 0.165669 1.810708 0.289017 -0.032595 -0.026446 1.232597 -1.034651 -1.003045 0.301038 -0.034774 -0.035270 -0.787500 0.033290 -0.315719 -1.449482 -0.562153 0.120485 0.163685 0.199189 -0.001916 -0.239439 0.363694 -0.340415 0.309158 -0.903227 0.575439 0.088426 0.799130 -1.038900
1732003213727277 -0.361104 -0.205278 -0.016058 0.100365 -0.031572 0.272493 -0.460375 -0.095585 0.572938 0.386486 0.030551 -1.005299 0.325654 0.831277 -0.416184 -0.068809 -0.181540 -0.364302 -1.087742 0.289887 0.547877 -0.358029 0.219888 -0.406794 -0.115811 0.236365 -0.385110 -0.171867 -0.198727 0.796394 0.023127 -0.510454
1741962999397965 -0.652911 -0.361673 0.000462 -0.101327 0.353525 0.673966 -0.555138 0.044202 0.273641 0.067624 0.661954 -1.025918 0.109611 0.911495 -0.048516 -0.090463 0.471780 -0.159403 -0.944943 0.586588 0.828888 -0.253739 0.306863 0.060286 -0.207228 0.616738 -0.331268 -0.569707 -0.432274 0.729854 0.113631 -0.030699
380339425641963 -0.255296 -0.136759 -0.158914 -0.327602 1.212465 0.094807 -0.150254 0.002342 0.112074 0.565660 0.109486 -0.364542 0.419569 0.982529 -0.426685 -0.075658 -0.106084 -0.499416 -1.445922 -0.071204 1.124644 0.382383 0.455513 -0.280626 0.647499 -0.088012 -0.324859 -0.290958 -0.899558 0.832927 0.142028 -0.136429
134611059993111 1.098481 0.312888 0.364787 0.426931 0.208098 0.295142 -0.642490 0.164587 0.649434 -0.282678 -0.254436 -0.323013 -0.054769 0.424576 -1.488246 0.415922 -1.065816 -0.668343 -1.877029 -1.166985 -0.618269 1.277293 -0.019447 -0.366330 0.780229 -0.653879 0.146865 -0.334107 0.180847 1.282246 -0.040051 0.401760
1691085864547037 -0.223980 -0.374928 0.005244 0.065275 0.002911 0.241176 -0.553123 -0.141819 0.357442 0.376779 0.084519 -0.773854 0.327192 0.856376 -0.385343 -0.007551 0.034204 -0.194052 -1.218355 0.264356 0.328196 -0.337920 0.134697 -0.381222 -0.248901 0.261948 -0.403693 -0.334752 -0.310312 0.650933 0.153267 -0.317812
133880733349264 -0.302618 0.048018 0.030983 -0.155222 -0.011805 -0.178811 -0.610138 0.000006 1.221204 -0.485899 -0.354937 -1.112330 0.028156 0.563805 -0.572013 -0.500154 -0.965562 -0.380324 -1.237932 0.222058 0.918166 -1.186199 -0.009701 -0.311423 -0.756442 -0.320161 0.041784 -0.274225 -0.169121 1.071932 0.039978 0.262121
380663362276236 -0.342838 -0.175277 -0.179159 -0.410122 1.187779 0.130991 -0.069673 0.232478 0.034419 0.575011 0.010978 -0.335130 0.351141 0.914003 -0.531064 0.015229 -0.160266 -0.436542 -1.576758 0.062481 1.066257 0.329592 0.337038 -0.264276 0.723361 0.082605 -0.213774 -0.214738 -0.797278 0.820816 0.135872 -0.076985
1731070420487223 -0.313726 -0.364945 -0.186309 0.165944 0.160641 0.128724 -0.348622 -0.219718 0.385996 0.453357 0.147065 -0.821042 0.279933 0.904709 -0.390083 0.021627 -0.019131 -0.386065 -1.271155 0.215338 0.431704 -0.475980 0.291446 -0.378909 -0.161198 0.096352 -0.424011 -0.230904 -0.323389 0.750934 0.186744 -0.446047
420796315726 -0.921921 -0.071167 0.253897 -0.603468 1.068187 0.042994 -0.175666 0.586707 -0.312798 0.510411 -0.143656 -0.401790 -0.160070 0.494205 -0.091516 -0.068226 -0.409747 -0.676586 -2.164066 -0.207758 0.929033 -0.233378 -0.263374 -0.556804 0.721207 0.183279 -0.156560 -0.893742 -0.748495 0.984760 0.027440 0.291347
10207572909221000 -0.211334 0.279228 0.415240 0.085004 1.356857 0.194554 -0.604329 0.088272 0.399912 -1.552609 -0.148065 0.183215 0.018955 -0.326232 -0.831353 0.284594 -0.220921 -1.171308 -0.493798 -0.123349 0.579425 0.037361 -0.140868 -0.286625 -0.125088 0.109604 -0.076925 -0.735938 0.495193 0.002980 0.363989 0.180779
1642154296035502 -1.012938 -0.444322 -0.440627 -0.428020 1.071841 -0.533610 -0.057222 -0.372912 -0.134885 -0.033622 0.244675 -0.570097 0.678937 0.362911 -0.544639 -0.239231 -0.060196 -0.826257 -1.826154 -0.023810 1.116867 0.925900 0.366751 -0.688725 1.362134 -0.186160 -0.143093 -0.296046 -0.195930 1.124704 0.254180 -0.351992
10154709159742459 0.159444 -0.228916 0.643097 0.201695 0.986027 0.343307 -1.160961 -0.149435 -0.124503 -2.358049 -0.723289 -0.181742 0.263469 0.104366 -0.350723 0.385196 -1.089251 -0.169290 -0.946517 0.974345 -0.230648 1.051406 -0.722367 0.582559 0.729780 0.160833 -0.380631 -0.709956 1.199661 1.187870 0.660393 -0.160259
1691034417885515 -0.141897 -0.262157 -0.049478 -0.019711 -0.079782 0.167617 -0.538786 0.025173 0.379945 0.416429 0.120887 -0.841602 0.257610 0.872176 -0.380673 -0.019882 -0.010769 -0.125838 -1.134713 0.280100 0.281664 -0.189941 0.221791 -0.314654 -0.287615 0.170582 -0.359929 -0.264991 -0.232211 0.702213 0.104856 -0.233444
678548808853043 0.579698 -0.140040 1.033030 -0.165222 1.747226 0.296801 -0.389711 0.288414 0.236484 -1.966068 0.057138 0.156015 -0.372368 -0.350744 -0.229549 0.467887 -0.698187 -0.568176 -1.453670 -0.890766 0.800570 -0.615208 0.191798 -0.395994 0.284557 0.361309 -0.224915 -0.611988 -0.104569 0.265699 0.311291 -0.432957
1025067477621758 -0.163746 0.189976 0.343142 0.023261 1.381158 0.132877 -0.582090 0.154839 0.280203 -1.609322 -0.270914 0.257681 0.113184 -0.292890 -0.852169 0.333444 -0.361144 -1.160827 -0.527526 -0.099376 0.541332 0.059790 -0.228701 -0.252793 -0.022665 0.087882 -0.073592 -0.618191 0.528003 0.126210 0.319367 0.140250
103622369714881 0.155602 0.359475 1.521377 -0.326064 0.162879 0.664238 -1.784754 0.306036 -0.209354 -0.818722 0.101885 -0.272146 -0.593780 0.339185 -1.030396 -0.343363 -0.021904 -0.537323 -1.581429 -0.997203 -0.765802 1.621171 0.695946 -0.163142 0.444358 -0.094880 -0.500905 -0.558409 0.935822 0.491492 0.513926 -0.236035
571954986334200 -0.230953 0.309424 0.468039 -0.013878 1.367496 0.257807 -0.606909 -0.013474 0.230460 -1.450876 -0.217743 0.101151 0.061782 -0.236926 -0.715519 0.227755 -0.180086 -1.089876 -0.355258 -0.096336 0.458690 0.149764 -0.084257 -0.273031 0.037240 0.131946 -0.040570 -0.752785 0.557613 0.091205 0.400647 0.176777
99984862969 -0.162554 0.672739 0.808452 -0.719758 1.216798 0.847800 -1.096268 -0.498842 -0.326772 -1.100592 -1.054435 -0.051786 0.270430 0.184117 -1.034625 -0.452968 0.020697 -1.156515 -0.004331 -0.819103 0.566473 0.059529 0.535653 -1.110587 0.291165 0.333193 0.401943 -1.336263 0.885456 -0.270819 0.426449 0.074160
572892842907081 -0.218970 0.236200 0.457029 -0.099989 1.404798 0.178206 -0.773380 -0.013495 0.292489 -1.574189 -0.294322 0.278356 0.141247 -0.233569 -0.662778 0.212775 -0.459523 -1.243795 -0.316524 -0.138916 0.392511 0.093509 -0.044244 -0.281886 -0.018338 0.108294 0.016021 -0.665725 0.568896 0.145523 0.326446 0.080984
559691907560508 -0.274706 0.301255 0.473180 -0.002820 1.362245 0.217544 -0.718571 -0.003371 0.347347 -1.571555 -0.259421 0.170892 0.111318 -0.280398 -0.773867 0.216845 -0.323595 -1.262051 -0.380304 -0.073566 0.371709 0.136483 -0.090351 -0.281919 -0.032633 0.130578 -0.022567 -0.684633 0.586641 0.108077 0.368149 0.132432
572341082962257 -0.205748 0.297859 0.363362 0.002335 1.375098 0.126708 -0.641506 0.089687 0.361231 -1.625352 -0.235999 0.266235 0.064027 -0.369523 -0.813808 0.300192 -0.442507 -1.157593 -0.475521 -0.090836 0.456498 0.035281 -0.160610 -0.312839 -0.103286 0.100779 -0.063006 -0.520269 0.614212 0.163923 0.255990 0.036237
572836026246096 -0.269348 0.250717 0.357243 0.028874 1.376044 0.188790 -0.782496 0.010353 0.368224 -1.628112 -0.166214 0.181921 0.104307 -0.293220 -0.753731 0.284017 -0.419803 -1.249963 -0.359499 -0.022485 0.438373 0.070898 -0.141428 -0.284906 -0.209790 0.149936 -0.059994 -0.607122 0.558785 0.133392 0.298830 0.174319
10211599316875334 -0.171452 0.316970 0.411018 -0.034110 1.313430 0.243887 -0.733421 0.004641 0.215901 -1.648280 -0.250201 0.181827 0.075981 -0.326144 -0.785936 0.253298 -0.342370 -1.090479 -0.345908 -0.113842 0.484752 0.033242 -0.147191 -0.338779 -0.145854 0.169203 -0.036668 -0.639783 0.686318 0.078456 0.305186 0.187282
571321509730881 -0.254590 0.214581 0.391583 0.076236 1.225546 0.208385 -0.910745 -0.020160 0.397889 -1.632870 -0.159240 0.109095 0.164405 -0.194658 -0.773264 0.233744 -0.354037 -1.201999 -0.308633 0.086781 0.415447 0.071734 -0.200638 -0.216829 -0.164949 0.150818 -0.072758 -0.761217 0.610884 0.076587 0.348187 0.273069
1276772462374400 -0.154107 0.299101 0.415064 0.002654 1.292084 0.190202 -0.764841 0.122141 0.273599 -1.664594 -0.221861 0.235472 0.040164 -0.332373 -0.872794 0.301228 -0.310824 -1.146076 -0.445215 -0.199817 0.611299 -0.014181 -0.172888 -0.408255 -0.201683 0.185694 -0.110886 -0.676407 0.636568 0.020102 0.265824 0.190151
571854893010876 -0.109663 0.179394 0.392970 0.024667 1.342954 0.180091 -0.707176 0.057393 0.151822 -1.684530 -0.210252 0.172484 0.064745 -0.340625 -0.730256 0.341765 -0.390264 -1.037949 -0.413895 -0.077826 0.495849 0.005390 -0.259080 -0.273327 -0.123783 0.171543 -0.095124 -0.625332 0.613268 0.113091 0.319565 0.277680
479712278891805 -0.207234 0.208070 0.486898 0.071609 1.337484 0.205163 -0.774200 0.005511 0.373578 -1.663489 -0.194168 0.144166 0.082757 -0.290887 -0.684304 0.271501 -0.360541 -1.182433 -0.412240 0.006616 0.367367 0.123989 -0.173558 -0.177102 -0.077304 0.151742 -0.067275 -0.758622 0.532586 0.067854 0.406903 0.184294
190853153177 0.028920 -0.537401 0.452551 -0.143372 1.171922 0.025905 -1.071613 0.094094 -0.684463 -1.942214 -0.474029 -0.005646 0.667226 0.088608 -0.645903 0.390474 -0.723159 -0.575213 -0.618671 0.470877 0.454217 0.453959 -0.804031 0.317896 0.734461 0.192117 -0.179436 -0.670952 0.596705 0.742846 0.473391 0.831954
374843909528237 -0.132820 0.237777 0.428927 0.069191 1.442682 0.226338 -0.642548 -0.024595 0.277780 -1.617398 -0.316135 0.126654 0.051924 -0.239552 -0.670981 0.247306 -0.357127 -1.103354 -0.420305 -0.016786 0.392687 0.089626 -0.161989 -0.188107 0.062225 0.097568 -0.024943 -0.786776 0.558151 0.076469 0.472416 0.119707
1757143927884571 -0.390520 0.482222 0.533792 -0.669217 -0.057065 0.338651 -0.640858 0.561735 0.221765 -0.701277 -0.674080 -0.756906 1.720822 0.252544 -1.032347 0.905122 0.466893 -0.321347 -1.027318 0.722361 0.152037 -0.088963 -0.422709 -0.654424 0.357309 0.740963 -0.365571 -0.222299 0.571225 1.251640 0.197423 -0.538702
1757108964554734 -0.321304 0.401629 0.522972 -0.651985 -0.236595 0.250508 -0.618791 0.537401 0.255907 -0.540069 -0.718057 -0.755606 1.638207 0.300264 -0.980302 0.735761 0.290865 -0.221290 -1.016591 0.637475 0.138080 -0.091085 -0.412767 -0.596957 0.345348 0.694643 -0.311382 -0.178720 0.522024 1.247959 0.183632 -0.497840
1023413737703807 -0.370102 0.266103 0.390766 -0.003271 1.451374 0.225400 -0.762595 -0.134553 0.389289 -1.505533 -0.172437 0.063447 0.109288 -0.192210 -0.637070 0.133280 -0.338818 -1.275382 -0.217539 0.025820 0.366454 0.099171 -0.042577 -0.250953 -0.066031 0.144261 0.027073 -0.681137 0.585563 0.157120 0.353606 0.207747
1180562588688234 -0.198156 0.300010 0.407817 0.034614 1.340194 0.213309 -0.616288 0.061185 0.303815 -1.533189 -0.312603 0.200609 0.073743 -0.288153 -0.801696 0.265732 -0.277481 -1.154264 -0.352005 -0.078721 0.485646 0.067083 -0.152253 -0.254874 -0.004085 0.110140 -0.013269 -0.734762 0.573110 -0.000245 0.394681 0.126357
1016538118474694 -0.162973 0.250207 0.344214 0.013789 1.210196 0.167087 -0.765115 0.102305 0.199869 -1.657390 -0.202421 0.196599 0.100951 -0.293270 -0.794820 0.285761 -0.347110 -1.060581 -0.398820 -0.048380 0.521581 0.112561 -0.236824 -0.279582 -0.145673 0.154853 -0.117917 -0.624358 0.654312 0.143803 0.275272 0.239867
1493238310690860 -0.193552 0.239448 0.475937 0.062224 1.301942 0.210576 -0.823058 0.019636 0.305666 -1.692710 -0.179222 0.151902 0.094723 -0.302862 -0.724053 0.266432 -0.349882 -1.144517 -0.373899 -0.032469 0.452729 0.107123 -0.174869 -0.222748 -0.147338 0.180088 -0.092899 -0.737598 0.582139 0.085381 0.361863 0.198450
144308312288690 0.226767 0.754183 -0.125292 0.592493 1.010178 0.512040 0.081378 0.593319 0.401151 -1.292700 -0.429145 -0.171798 -0.384572 -0.459689 -1.760740 0.541133 0.449389 -0.502065 -1.338705 -0.249412 1.339635 0.012903 -0.703156 -0.771709 -0.481676 0.165552 -0.420086 -0.909489 0.793220 -0.049345 0.220237 -0.135854
1486104688070889 -0.127361 0.258742 0.468166 0.008280 1.291415 0.247049 -0.663490 -0.009991 0.187267 -1.606543 -0.278665 0.157897 0.017162 -0.287104 -0.646812 0.250441 -0.316261 -1.023606 -0.361083 -0.088827 0.395259 0.084033 -0.151179 -0.231189 -0.034185 0.149416 -0.028388 -0.717944 0.645292 0.085594 0.412260 0.165715
380814348931193 -0.270256 0.386459 0.275994 0.055108 1.321812 0.226219 -0.583148 0.030597 0.378900 -1.446234 -0.254535 0.151124 0.028484 -0.278099 -0.869847 0.217627 -0.219006 -1.155083 -0.376326 -0.065493 0.494730 0.073813 -0.137401 -0.385934 -0.169109 0.108856 -0.017152 -0.622702 0.605579 0.058339 0.280701 0.109276
1759303584335272 -0.523314 0.292442 0.481538 -0.604372 -0.099363 0.291046 -0.611110 0.493862 0.324981 -0.485843 -0.564171 -0.791817 1.626905 0.246398 -0.934335 0.757778 0.302630 -0.346591 -1.060182 0.831277 0.159592 -0.249004 -0.381468 -0.526044 0.290423 0.864086 -0.218715 -0.234249 0.373469 1.085861 0.335426 -0.380298
1815488781999939 0.333892 -0.098472 0.666277 0.231441 -0.576317 0.458706 -0.907221 -0.000938 0.474245 -0.223915 -0.289053 -0.338613 -0.098189 0.180006 -0.981489 -0.435123 -0.341138 -0.032446 -1.020405 -0.989191 -0.468073 0.772818 0.128979 -0.347993 0.021306 -0.066791 -0.354641 -0.475494 0.439224 0.984624 0.023188 -0.263320
561611657368533 -0.197874 0.239370 0.366093 -0.034523 1.362719 0.167494 -0.769230 -0.037691 0.330979 -1.522404 -0.289025 0.215188 0.138669 -0.194703 -0.652983 0.218982 -0.441699 -1.171307 -0.294002 -0.054001 0.371346 0.015741 -0.168598 -0.294458 -0.133522 0.082805 0.009120 -0.661436 0.615582 0.136607 0.348150 0.146041
1826308794255983 0.269308 0.286723 -0.409191 -0.195294 0.445969 0.759621 -0.883816 -0.225675 0.498835 -0.888363 -0.430455 -0.502511 0.005624 0.805473 -0.217556 -0.530883 0.116740 0.426753 -0.307264 -0.006801 1.251436 0.684593 -0.123539 -0.573524 0.040252 0.068133 -0.274678 -0.503284 -0.041829 0.671378 -0.900118 -1.050772
1115810871830342 0.314324 0.342117 -0.268653 -0.249764 0.166172 0.676145 -0.792273 -0.141000 0.355874 -0.721133 -0.436731 -0.472239 0.191376 0.784913 -0.236698 -0.434753 0.232826 0.507867 -0.353035 -0.127989 1.025313 0.642993 -0.166217 -0.611489 0.087879 0.133021 -0.361877 -0.382488 0.033140 0.786297 -0.855824 -1.026503
574303326099366 -0.261961 0.271517 0.402870 0.095572 1.248916 0.177927 -0.727586 0.060086 0.292123 -1.695984 -0.088868 0.128846 0.062619 -0.341096 -0.794155 0.328437 -0.285434 -1.125905 -0.390666 0.046232 0.485154 0.200802 -0.198660 -0.210285 -0.181335 0.177804 -0.138429 -0.650097 0.630447 0.107872 0.280731 0.242676
204217953342721 0.372938 0.300370 -0.324095 -0.112673 0.306265 0.669096 -0.885012 -0.186710 0.511714 -0.817898 -0.384037 -0.433407 -0.102481 0.759255 -0.231944 -0.543632 0.099162 0.472561 -0.318354 -0.125462 0.863033 0.716306 -0.025863 -0.545129 -0.065891 -0.003990 -0.293473 -0.503305 0.080360 0.680907 -0.867353 -0.948394
578261212370244 -0.180988 0.223317 0.387650 0.071649 1.298089 0.166842 -0.715563 0.065238 0.316983 -1.596042 -0.116727 0.186231 0.063394 -0.298233 -0.763480 0.273123 -0.296408 -1.136208 -0.371802 -0.068005 0.552360 0.011241 -0.187761 -0.284306 -0.177356 0.146897 -0.093847 -0.704612 0.587620 0.054924 0.334205 0.247083
205936379830818 0.335052 0.303629 -0.401468 -0.103522 0.274684 0.797169 -0.896070 -0.117606 0.454426 -0.800439 -0.312077 -0.534499 -0.141233 0.771593 -0.187876 -0.549201 0.011274 0.354238 -0.259331 -0.016745 0.945908 0.720289 -0.078340 -0.573724 -0.059726 0.158915 -0.333368 -0.514538 0.095036 0.609787 -0.832277 -1.079640
1780198992248671 0.301310 -0.190762 0.654754 0.312089 -0.674556 0.503060 -0.961392 -0.150489 0.580692 -0.178014 -0.241512 -0.467045 -0.068730 0.240807 -0.920500 -0.538067 -0.336687 0.004416 -0.920087 -0.970574 -0.288990 0.660417 0.104582 -0.320002 -0.092976 -0.064699 -0.447413 -0.531118 0.349214 1.021025 0.026001 -0.314009
205937199830736 0.207247 0.325950 -0.324789 -0.085230 0.201746 0.777190 -0.875681 -0.130323 0.579775 -1.006798 -0.253247 -0.643045 -0.055776 0.748744 -0.177937 -0.445847 0.093924 0.373504 -0.137436 0.075819 1.101313 0.603629 -0.135734 -0.492040 -0.125845 0.200425 -0.300365 -0.491643 0.121297 0.705871 -0.844831 -1.150144
726100374211120 -0.244263 0.317857 0.515095 0.082215 1.337242 0.221506 -0.722920 0.039559 0.424077 -1.661498 -0.196810 0.160533 0.073346 -0.278772 -0.769977 0.250422 -0.263770 -1.244494 -0.368827 -0.045674 0.410864 0.160799 -0.103253 -0.233054 -0.072238 0.133045 -0.068972 -0.792193 0.586097 0.013486 0.441106 0.137506
1814928668753195 -0.342758 0.273097 0.406097 0.018710 1.358140 0.203065 -0.857584 0.004545 0.406428 -1.602318 -0.137201 0.144355 0.124908 -0.273194 -0.786262 0.215162 -0.371480 -1.301732 -0.304154 -0.036398 0.445205 0.105893 -0.115815 -0.288216 -0.203215 0.153618 -0.059224 -0.666582 0.601264 0.092641 0.290891 0.222797
1184048718327002 0.364905 -0.048122 0.677194 0.237452 -0.584564 0.484555 -1.023233 -0.095172 0.582465 -0.361100 -0.346417 -0.450586 -0.040781 0.261883 -0.909086 -0.505547 -0.256172 0.006168 -0.903199 -0.937164 -0.303613 0.823804 0.121763 -0.433546 -0.065034 -0.075722 -0.423132 -0.496769 0.441895 0.930981 -0.091326 -0.352186
100008186559825 0.263390 0.326643 -0.307736 -0.220875 0.350760 0.687079 -0.796571 -0.150421 0.429339 -0.931680 -0.458102 -0.506738 0.071712 0.826343 -0.194322 -0.466219 0.161767 0.489638 -0.359176 -0.002799 1.152260 0.597037 -0.192023 -0.533592 0.037234 0.127715 -0.266938 -0.475281 0.084165 0.753888 -0.955802 -0.979055
100003926554912 0.381326 -0.077930 0.601012 0.359722 -0.536569 0.571177 -1.056883 -0.119827 0.427873 -0.168941 -0.103030 -0.421515 -0.199826 0.281460 -0.830183 -0.419921 -0.291754 -0.118900 -0.900263 -0.911617 -0.455810 0.844069 0.202130 -0.425434 0.019313 -0.005805 -0.497924 -0.582777 0.436614 0.869088 0.016645 -0.364722
1055998141184348 0.278056 0.174716 -0.211610 -0.197353 0.294947 0.695403 -0.872149 -0.172032 0.449202 -0.823055 -0.416675 -0.441459 0.013590 0.722521 -0.230339 -0.602815 0.125677 0.531444 -0.308716 -0.095822 1.062184 0.690794 -0.119967 -0.412668 -0.015469 0.164602 -0.280298 -0.539532 -0.023785 0.718697 -0.840180 -0.822807
571933843002981 -0.170998 0.220422 0.418026 -0.037667 1.305968 0.187050 -0.745096 0.072157 0.195351 -1.604915 -0.190431 0.174906 0.116625 -0.286249 -0.756355 0.293485 -0.300057 -1.144159 -0.408950 -0.135827 0.550464 0.037092 -0.174566 -0.338280 -0.138849 0.167405 -0.086751 -0.694094 0.545982 0.110811 0.312542 0.303344
1815482155333935 0.390336 -0.062138 0.690697 0.203445 -0.524047 0.523797 -1.051071 -0.073146 0.412763 -0.312409 -0.293372 -0.271773 -0.076236 0.188819 -0.910681 -0.513004 -0.236967 0.047826 -0.908101 -1.009076 -0.448670 0.975849 0.140832 -0.415410 0.047126 -0.001351 -0.513800 -0.557866 0.396880 0.895797 0.020064 -0.332241
100007128124481 0.233029 0.226627 -0.382826 -0.182947 0.229996 0.669133 -0.854228 -0.203302 0.520495 -0.899150 -0.526138 -0.532324 0.022417 0.766663 -0.241678 -0.521984 0.045945 0.512454 -0.343445 0.090051 1.081053 0.570975 -0.165099 -0.558245 -0.079140 0.097973 -0.167633 -0.408699 0.074218 0.683338 -0.891491 -0.978317
192169930808550 -1.097935 0.657088 -0.264640 -0.306317 1.489275 -0.195372 -0.416568 0.444725 0.120177 -1.230184 -0.379180 0.443222 0.428643 -0.309752 -1.742714 0.391955 -0.193158 -1.786118 -0.481055 0.161106 0.782075 1.040066 -0.387450 -0.468790 0.073049 -0.157246 -0.053997 0.044736 0.900062 0.905215 -0.381595 0.194251
1115763638501732 0.360984 0.210468 -0.444725 -0.241601 0.309208 0.690028 -0.951810 -0.277484 0.507908 -0.729396 -0.466710 -0.474684 -0.030327 0.869692 -0.199422 -0.605588 0.127850 0.610582 -0.341143 -0.044795 1.092500 0.667235 -0.113594 -0.579161 -0.096825 -0.004677 -0.340173 -0.519056 -0.162209 0.635016 -0.830649 -1.003879
1710088912593013 0.260827 0.340183 -0.317420 -0.224588 0.406291 0.628889 -0.827516 -0.150448 0.382397 -0.827277 -0.426431 -0.424930 -0.022152 0.866839 -0.148031 -0.476841 0.165010 0.443901 -0.385441 -0.086836 1.132365 0.703858 -0.109856 -0.543333 0.066728 0.111303 -0.270069 -0.449145 -0.022333 0.732066 -0.869219 -0.891156
205427803215009 0.242955 0.232035 -0.352699 -0.253327 0.367168 0.650668 -0.928835 -0.120918 0.377086 -0.923025 -0.587056 -0.435991 -0.008489 0.824741 -0.176127 -0.579548 0.122998 0.554624 -0.473707 0.061448 1.021626 0.561135 -0.143735 -0.561331 -0.103274 0.148817 -0.155240 -0.508670 0.158161 0.641328 -0.978166 -0.787365
1799693993632504 0.408280 -0.146536 0.598097 0.338090 -0.572255 0.535295 -0.979666 -0.147530 0.531018 -0.168361 -0.263395 -0.332926 -0.089137 0.248544 -0.976702 -0.492090 -0.290680 -0.031518 -0.982815 -1.056298 -0.396597 0.842320 0.119512 -0.453734 -0.044181 -0.043657 -0.549690 -0.571358 0.345225 0.990595 0.000821 -0.401201
1815411572007660 0.341526 -0.139682 0.536694 0.309896 -0.575964 0.517594 -1.086610 -0.158984 0.561787 -0.257315 -0.347594 -0.411506 -0.053428 0.257133 -0.894008 -0.508417 -0.352415 -0.022795 -0.888321 -0.823262 -0.364855 0.800924 0.082204 -0.402821 -0.066844 -0.091002 -0.407807 -0.481390 0.458598 0.815268 -0.033801 -0.449232
975624869169389 -0.463110 0.400468 0.545451 -0.585995 -0.089632 0.228223 -0.537932 0.509501 0.355874 -0.572629 -0.672289 -0.868626 1.567133 0.240514 -0.896756 0.764849 0.295541 -0.320147 -1.003876 0.742918 0.123666 -0.139695 -0.333258 -0.584111 0.278498 0.730464 -0.257841 -0.138466 0.476600 1.182307 0.198848 -0.373610
345707099104198 -0.613932 0.194782 0.453096 -0.566023 -0.051466 0.268887 -0.535007 0.501611 0.299961 -0.341260 -0.471073 -0.832421 1.530124 0.184874 -0.957366 0.844538 0.364359 -0.395528 -1.043420 0.954094 -0.062455 -0.211155 -0.215388 -0.529542 0.269578 0.730098 -0.256693 -0.150225 0.390424 0.981967 0.398949 -0.242905
1775091079426129 0.303320 0.245288 -0.307191 -0.139044 0.300150 0.800916 -0.989716 -0.249151 0.476611 -0.947648 -0.435751 -0.518038 -0.019737 0.771937 -0.217279 -0.567462 0.054495 0.481557 -0.264585 0.037002 1.014760 0.721257 -0.167888 -0.515967 -0.035584 0.190982 -0.260486 -0.504711 0.132450 0.588901 -0.871044 -0.974296
1802766799970735 -0.437281 0.335067 0.496629 -0.601134 -0.146745 0.267764 -0.517152 0.480577 0.214364 -0.456258 -0.566625 -0.800538 1.639944 0.298517 -0.925728 0.850513 0.321900 -0.383568 -1.096123 0.689940 0.147873 -0.237109 -0.361480 -0.570578 0.341228 0.746631 -0.347713 -0.160100 0.372141 1.220771 0.293578 -0.477647
1654082311588049 -0.430993 0.372164 0.556006 -0.545509 -0.148130 0.265426 -0.595024 0.415610 0.271491 -0.522192 -0.572576 -0.815458 1.565824 0.273415 -0.891537 0.832606 0.361918 -0.342053 -0.948131 0.734382 0.121035 -0.174379 -0.384944 -0.583390 0.316400 0.707363 -0.295722 -0.131833 0.403167 1.102837 0.242284 -0.420811
205449973212792 0.343156 0.348121 -0.319928 -0.205978 0.317899 0.746273 -0.879601 -0.126805 0.474165 -0.856235 -0.381138 -0.545178 -0.010967 0.864340 -0.239715 -0.507484 0.186055 0.484861 -0.387567 -0.067285 1.094862 0.641322 -0.077896 -0.574165 -0.067238 0.089726 -0.340068 -0.496111 0.064977 0.778861 -0.942326 -1.016605
210312382427715 -0.425725 0.003828 0.667966 0.166358 1.678576 1.057110 -0.212791 -0.479811 0.023372 0.621106 -0.314738 -0.231546 0.771933 0.600798 -1.026377 0.122918 0.328998 -1.041555 -1.171931 -0.458877 0.867603 0.735854 0.324143 -0.161719 1.813434 0.012329 -0.504742 0.020959 -0.611142 1.049175 0.343330 -0.743237
1815468805335270 0.286730 -0.065206 0.672832 0.179903 -0.680448 0.416206 -0.783901 0.093448 0.489200 -0.086201 -0.166983 -0.408253 0.014834 0.265446 -0.900834 -0.360066 -0.186879 -0.023365 -0.958413 -0.902952 -0.301147 0.660356 0.132028 -0.294648 0.046896 0.023460 -0.476172 -0.438299 0.302466 1.008495 0.072276 -0.354801
380710662271506 0.169892 0.163357 -0.070898 -0.778759 1.376968 0.060083 -0.195223 0.646888 -0.084774 0.199281 -0.030889 0.066253 0.315057 1.058292 -0.652328 0.277618 -0.168144 -0.354903 -1.468078 -0.091440 0.978456 0.162817 0.294146 -0.185906 0.394011 0.175316 -0.412223 -0.379589 -0.957700 0.894999 0.361420 0.108604
1699214220400481 0.356135 0.250337 -0.190359 -0.148684 0.210674 0.766081 -0.993317 -0.187297 0.519940 -1.002085 -0.458340 -0.467445 -0.073572 0.674843 -0.249650 -0.661338 0.052227 0.534241 -0.220234 -0.106749 0.992406 0.867693 -0.118079 -0.466412 0.024615 0.166956 -0.234135 -0.533067 0.075865 0.657101 -0.887487 -0.950829
10250877124 -0.733353 -0.130160 0.792684 0.616445 0.895846 0.685123 -0.741770 -0.312049 0.686970 -0.567756 1.480028 -1.484202 -0.220587 0.411990 0.059637 0.189483 0.647932 -0.764059 -0.933411 0.276744 0.188542 0.633903 0.734475 -0.005841 0.222725 0.555450 -0.530217 -1.158691 -0.439023 0.781296 0.336771 0.836927
1115746815170081 0.273039 0.211945 -0.291194 -0.213989 0.351327 0.613181 -0.871722 -0.164124 0.589976 -0.900551 -0.497043 -0.497416 -0.117331 0.736948 -0.249056 -0.595721 0.063240 0.550514 -0.349134 0.002846 1.105621 0.639531 -0.057973 -0.444305 -0.108883 -0.024369 -0.163982 -0.497161 0.047064 0.613994 -0.879661 -0.816560
370140636651465 -0.423634 0.347965 0.421752 -0.584103 -0.202426 0.279998 -0.578388 0.506614 0.256735 -0.476013 -0.590851 -0.769137 1.543727 0.266281 -0.935473 0.752273 0.328693 -0.238577 -0.952715 0.717810 0.069085 -0.141348 -0.342424 -0.597383 0.272379 0.737656 -0.318454 -0.157180 0.484406 1.132589 0.212043 -0.489495
465310653639244 0.272891 -0.262028 0.547717 0.272409 -0.626884 0.511259 -0.946132 -0.092616 0.520381 -0.071620 -0.202198 -0.429993 -0.155722 0.273848 -0.874455 -0.550588 -0.344281 0.036761 -1.015766 -0.888868 -0.331201 0.694292 0.190224 -0.292618 -0.074386 -0.003342 -0.382528 -0.505270 0.278334 0.880111 0.000448 -0.236465
465321010304875 0.268412 -0.127978 0.720897 0.241005 -0.619581 0.455786 -1.014990 -0.008371 0.512275 -0.233829 -0.278734 -0.401871 -0.003812 0.204341 -1.004779 -0.452535 -0.145415 -0.083295 -0.975842 -0.958487 -0.431593 0.738291 0.179747 -0.451540 -0.108718 0.038921 -0.566559 -0.570109 0.463819 0.982687 0.080938 -0.381661
1816157185266432 0.343005 -0.248695 0.590739 0.390195 -0.538811 0.486406 -0.906023 -0.195716 0.658661 -0.199233 -0.331270 -0.424127 -0.141580 0.194464 -0.957570 -0.536476 -0.355242 0.058055 -0.960619 -0.930278 -0.391641 0.812019 0.119204 -0.344042 -0.065673 -0.140338 -0.377235 -0.572837 0.331223 0.919790 -0.069831 -0.257923
10210664077025436 -0.685849 -0.006655 -0.647143 0.372293 0.211745 0.443263 -0.594740 0.916198 0.761490 -0.188518 0.325263 -1.023126 -0.797387 0.505958 -0.473907 0.022265 -0.934310 -0.962371 -0.969359 0.814059 -0.217146 0.296010 0.605468 -0.603893 -0.312103 0.865751 -0.047580 -0.442553 0.376143 0.476766 0.137652 -0.542234
1775095222759048 0.299577 0.250566 -0.257494 -0.087377 0.325904 0.638084 -0.883739 -0.253066 0.520909 -0.811169 -0.254339 -0.549782 -0.042009 0.759650 -0.135227 -0.489184 0.108105 0.368688 -0.293711 0.011964 0.966552 0.698477 -0.045461 -0.479847 -0.006911 0.090770 -0.307933 -0.511232 -0.045549 0.623259 -0.776129 -0.803892
1815396745342476 0.244087 -0.165502 0.787070 0.193478 -0.544277 0.489715 -1.123232 -0.020518 0.479484 -0.318645 -0.240774 -0.376971 -0.166446 0.214800 -0.933389 -0.591176 -0.254512 0.034305 -1.028308 -0.947617 -0.386878 0.957994 0.242056 -0.292180 -0.053911 0.035120 -0.413479 -0.560455 0.459215 0.856780 0.030133 -0.220381
209948852750494 0.275243 -0.267986 0.614448 0.292611 -0.549723 0.501706 -0.938452 -0.176941 0.557373 -0.166242 -0.230736 -0.442878 -0.168705 0.232916 -0.883431 -0.630026 -0.333946 0.002376 -0.973602 -0.952687 -0.251725 0.770520 0.208816 -0.325107 -0.035448 -0.044408 -0.405299 -0.554447 0.265065 0.876660 -0.022186 -0.189694
322528171438023 0.377121 -0.054210 0.665996 0.195569 -0.528860 0.528607 -1.050800 -0.075691 0.537060 -0.251673 -0.281818 -0.387862 -0.140633 0.326086 -0.942978 -0.552442 -0.242565 0.034191 -0.953057 -1.041744 -0.318254 0.822861 0.220664 -0.439221 -0.052458 -0.034277 -0.531041 -0.573775 0.370265 0.985608 -0.051221 -0.392333
1815402648675219 0.418540 -0.073498 0.615237 0.305027 -0.473792 0.528350 -0.991007 -0.007524 0.549547 -0.254459 -0.250101 -0.334368 -0.134285 0.245455 -1.008278 -0.454198 -0.389861 -0.086858 -0.999736 -1.011089 -0.424115 0.976848 0.136890 -0.405480 0.034890 -0.115497 -0.452646 -0.513869 0.436433 0.917340 0.010372 -0.375189
1804983086436928 0.372185 -0.201098 0.587266 0.223051 -0.544753 0.552670 -0.949064 -0.110659 0.459299 -0.147737 -0.291961 -0.333985 0.012080 0.215779 -0.974549 -0.508892 -0.408271 0.046531 -1.031797 -0.935375 -0.345110 0.880585 0.090935 -0.401016 0.087790 0.005132 -0.415404 -0.525424 0.298272 0.944694 -0.031346 -0.324233
209962269415819 0.289723 -0.025477 0.521855 0.259946 -0.517508 0.530477 -0.919416 0.003531 0.495768 -0.155664 -0.229328 -0.449411 -0.076113 0.313946 -0.840731 -0.424353 -0.161096 -0.014235 -0.846359 -0.888936 -0.365415 0.797474 0.208689 -0.520878 -0.058289 -0.007353 -0.534323 -0.500859 0.388443 0.927376 -0.074315 -0.474913
1815515615330589 0.405358 -0.052988 0.588886 0.245543 -0.508764 0.481820 -1.014556 -0.104945 0.446429 -0.203158 -0.249367 -0.407983 -0.172520 0.300231 -0.894326 -0.482162 -0.376530 -0.031573 -0.991243 -0.932976 -0.356490 0.801203 0.162706 -0.395421 -0.016675 -0.129344 -0.416452 -0.475502 0.357938 0.854731 -0.057955 -0.291917
1804697303132173 0.297091 -0.214074 0.617968 0.298582 -0.463433 0.459541 -0.998836 -0.110815 0.619791 -0.341701 -0.401853 -0.448431 -0.163551 0.199754 -0.980430 -0.603904 -0.404883 0.019843 -1.040817 -0.889120 -0.401148 0.898625 0.122848 -0.384817 -0.120518 -0.064696 -0.298793 -0.518822 0.442178 0.844454 -0.078357 -0.142512
353490641660175 0.124638 -0.035708 -0.236856 -0.699099 1.244789 -0.057528 -0.201991 0.463773 -0.056880 0.243190 -0.123232 -0.014157 0.332262 1.162542 -0.681662 0.203209 -0.128797 -0.262234 -1.710186 -0.040520 1.017352 -0.018871 0.282132 -0.341835 0.183678 -0.028924 -0.362938 -0.350468 -0.819075 0.956053 0.313274 0.118148
1806408416314792 -0.737859 -0.091738 -0.678958 0.334783 0.286055 0.523291 -0.629792 0.998665 0.809898 -0.100053 0.210189 -1.031569 -0.827763 0.544907 -0.570453 0.012925 -1.021045 -0.937698 -1.006448 0.867439 -0.098471 0.434856 0.663757 -0.518221 -0.261465 0.964182 -0.021088 -0.457251 0.303297 0.430345 0.120589 -0.581485
384038368605402 0.166377 0.043028 -0.289089 -0.751362 1.344639 -0.141521 -0.171754 0.522231 -0.018003 0.252495 -0.087910 -0.010969 0.405592 1.129539 -0.696315 0.214405 -0.293414 -0.309089 -1.573861 0.069509 1.073812 0.166218 0.361218 -0.273690 0.271517 0.052477 -0.313849 -0.326656 -0.956673 0.860778 0.328417 0.141520
106447832755806 -0.641280 -0.432360 -0.253012 0.107577 0.197561 0.748338 -0.518033 0.130992 -0.181759 0.496213 -0.097915 -1.101583 0.023086 0.739942 -0.547630 0.339010 0.795918 -0.602646 -1.594822 0.257514 0.194109 -0.489830 0.460997 -0.985276 -0.352162 -0.466433 -0.409746 -0.543263 0.892937 0.867689 0.092712 -0.013702
110693025319 -0.911034 -0.602507 -0.051361 0.209373 0.465844 0.626575 -0.240147 0.258150 0.577783 0.094451 0.395441 -1.123481 -0.222815 0.564135 -0.332195 -0.102997 -0.346389 -0.350944 -1.190410 1.025052 0.519491 0.623215 0.074217 -0.057025 -0.140119 0.347387 0.151529 -0.326398 0.434606 0.145082 -0.189986 -0.111903
566161870250833 -0.655194 -0.469427 -0.099816 0.024872 0.442359 0.853642 -0.964712 -0.213063 0.183994 -0.372346 0.484110 -0.987979 -0.236702 0.845250 0.175506 -0.373968 0.268350 0.017724 -0.591733 0.693783 0.419838 0.183280 0.352974 0.081691 -0.330385 0.872747 -0.167719 -0.811846 -0.288630 0.450404 0.026943 0.039036
1765467740388463 -0.159857 -0.306602 -0.133132 0.521928 -0.031678 0.230425 -0.649435 -0.670692 0.559835 0.286234 -0.080437 -1.058111 0.159857 0.750313 -0.437492 -0.050296 -0.318168 -0.624548 -0.969964 0.216814 0.043828 -0.608464 0.210889 -0.665356 -0.493428 -0.258016 -0.487155 -0.193047 0.149017 0.545726 0.142208 -0.670254
1808393676116266 -0.642958 -0.012977 -0.570410 0.414334 0.307524 0.544489 -0.661404 0.770885 0.670743 -0.112500 0.285461 -1.044216 -0.714446 0.508919 -0.558950 0.104263 -0.910789 -1.068051 -0.939624 0.775031 -0.229824 0.389537 0.617787 -0.666531 -0.249976 0.824063 -0.188851 -0.456918 0.380220 0.400643 0.216947 -0.759764
1783069205292043 -0.573459 -0.988661 0.158347 0.112807 0.021528 0.448156 -0.764106 -0.389590 0.646898 -0.219278 -0.341455 -0.742328 -0.028781 0.371489 -0.413721 -0.835087 -0.445317 0.250769 -1.062247 0.436363 0.645759 0.097914 0.042366 0.208334 -0.275621 0.395475 0.324092 -0.492269 0.001291 0.276023 -0.218909 0.373863
1774273632802207 -0.530102 -0.864995 0.018549 0.032117 0.053714 0.376204 -0.788811 -0.350503 0.730199 -0.254286 -0.439505 -0.787175 -0.039843 0.375903 -0.398392 -0.880761 -0.561227 0.275600 -1.019964 0.479083 0.637726 0.182725 0.100345 0.070926 -0.248011 0.290263 0.344486 -0.473702 0.012353 0.245504 -0.282791 0.391995
1763617527240151 -0.155716 -0.288965 -0.038201 0.345335 -0.018160 0.304564 -0.753157 -0.595828 0.559099 0.359168 -0.024728 -1.008041 0.066237 0.823644 -0.350859 -0.288417 -0.297465 -0.452979 -0.848424 0.082846 0.160044 -0.272579 0.381673 -0.600768 -0.402464 -0.090513 -0.500026 -0.198660 -0.087699 0.456692 0.110630 -0.535460
1761675290760069 -0.834987 -0.643578 0.037638 -0.044274 0.460306 0.900781 -0.968344 -0.306320 0.122094 -0.228588 0.530371 -1.056420 -0.036066 0.808967 0.054420 -0.355117 0.196648 -0.108742 -0.735344 0.728282 0.471572 0.206648 0.349092 0.105052 -0.209496 0.952335 -0.219183 -0.755442 -0.418407 0.411246 0.232351 -0.065088
1774135676149336 -0.473730 -0.797078 0.029078 -0.009761 -0.029287 0.391526 -0.906154 -0.211410 0.721698 -0.383499 -0.482132 -0.768670 -0.086413 0.504634 -0.382936 -0.902457 -0.427332 0.310862 -0.987506 0.382533 0.674054 0.114567 0.128471 0.112013 -0.362518 0.428378 0.297346 -0.575056 0.023706 0.412309 -0.365558 0.343420
1708362959481147 -0.548383 -0.840597 0.060024 0.052427 0.042600 0.332607 -0.737396 -0.201704 0.836946 -0.362501 -0.525948 -0.785677 -0.171037 0.397470 -0.461844 -0.904237 -0.643035 0.278594 -1.150853 0.433248 0.683146 0.206127 0.117024 0.206755 -0.258940 0.334301 0.508153 -0.468923 0.021258 0.366034 -0.363792 0.576125
1774631766099727 -0.569700 -0.859021 0.234785 0.110394 0.013522 0.434525 -0.802173 -0.456182 0.734130 -0.193106 -0.448080 -0.869106 -0.000179 0.376972 -0.375740 -0.972263 -0.574361 0.225857 -1.003657 0.372203 0.658490 0.369707 0.058699 0.110958 -0.144142 0.335726 0.323325 -0.451657 -0.027845 0.270125 -0.331297 0.397281
112905748806596 -0.099693 -0.284925 0.800923 -0.363558 -0.781216 0.560923 -0.363732 0.479951 -0.023375 0.336081 0.308735 -0.308126 0.244606 0.552000 -1.051110 -0.075817 0.275252 0.145009 -1.592484 -1.002566 0.344067 0.093669 0.237586 -0.083118 0.462054 0.567163 -0.646902 -0.531016 -0.229503 1.645186 0.259476 -0.237666
1812105915745042 -0.428000 -0.382524 -0.281374 0.172424 0.606743 0.900283 -0.917516 -0.580831 0.382347 0.176271 0.357376 -0.961764 -0.190184 0.507741 -0.106689 -0.625155 -0.850489 -0.639826 -0.436233 0.606862 0.873592 0.662053 0.151630 -0.446400 0.247180 0.510412 -0.414346 -0.465080 -0.354403 -0.072684 0.045393 -0.621340
1765231247078779 -0.042091 -0.257143 -0.172231 0.528362 -0.047403 0.372116 -0.809668 -0.706824 0.592451 0.255259 0.001897 -1.111960 0.073117 0.792487 -0.306134 -0.211866 -0.452727 -0.550445 -0.781380 0.216075 0.199302 -0.322543 0.183684 -0.702284 -0.438100 -0.157302 -0.531952 -0.207818 0.057643 0.419158 0.032842 -0.770712
1765721647029739 -0.032638 -0.041054 -0.131589 0.316758 -0.114208 0.233772 -0.756049 -0.506639 0.623995 0.221268 -0.084648 -1.091068 0.167957 0.813284 -0.307109 -0.199056 -0.342008 -0.446974 -0.708413 0.148185 0.196266 -0.468707 0.277098 -0.750402 -0.497218 -0.076743 -0.596775 -0.148834 -0.001592 0.560187 0.015962 -0.715807
1763707100564527 -0.195294 -0.369814 -0.030256 0.361252 0.031202 0.299732 -0.669255 -0.610718 0.578681 0.326138 0.071012 -1.036869 0.124596 0.770303 -0.412929 -0.224914 -0.240214 -0.480046 -0.971492 0.119197 0.210904 -0.320338 0.329085 -0.538335 -0.370691 -0.146341 -0.477731 -0.188047 -0.034746 0.551737 0.171409 -0.535733
148810165134014 -1.172522 -1.214372 0.072002 -0.372979 0.391947 0.642868 -0.767660 -0.313268 0.082680 -0.298650 0.041246 -0.458678 0.098319 0.526652 -0.516982 -0.578319 -0.014662 0.086316 -1.595221 0.312909 0.354999 -0.533742 0.110570 0.159727 -0.132045 1.036496 0.174753 -0.606407 -0.538404 0.572759 0.604826 0.325230
181236505674009 -0.714186 -1.268038 -0.373815 0.279029 0.440380 0.668887 -0.812556 -0.670011 0.186951 0.245997 -0.117603 -0.545188 0.276716 0.188019 -0.774799 -0.357394 -0.996904 -0.484948 -1.297376 0.668136 0.266619 -0.218158 -0.166066 -0.210993 -0.021758 0.443487 -0.015768 -0.602781 -0.286697 0.248871 0.556264 -0.553985
353104921698747 0.096465 0.057316 -0.149016 -0.631247 1.285241 -0.015709 -0.070414 0.472337 -0.102433 0.429053 -0.080845 0.069241 0.348764 0.904730 -0.679952 0.204309 -0.288695 -0.436495 -1.514850 -0.114791 0.937954 0.172955 0.294979 -0.226476 0.500382 -0.001363 -0.336657 -0.285934 -0.926439 0.847384 0.339587 0.032936
211591442051 -0.865100 -0.206215 -0.240645 -0.474921 1.294312 -0.355887 -0.007130 -0.253287 -0.316550 -0.071439 0.065043 -0.348989 0.800066 0.297723 -0.784841 -0.016097 0.039824 -1.015573 -1.787395 -0.240533 1.063822 1.163496 0.300006 -0.774299 1.753872 -0.199365 -0.257821 -0.224092 -0.068833 1.218437 0.309959 -0.538445
