241317679288411 1.644965 0.945140 -0.516920 -1.082970 -0.982283 -0.325452 -1.074128 -1.471256
179609608748134 2.290633 0.066199 0.087996 0.315583 -1.203879 1.019966 0.409949 0.986676
160729029892 0.514345 -0.742306 -0.976989 -0.726335 -2.298200 0.975045 0.494216 0.236761
113791238657176 0.708358 -0.270719 -0.690354 1.039418 -1.025966 1.243517 -0.830144 0.497492
151271931596606 -0.057189 0.365973 -0.914689 0.587589 -1.028633 1.357340 -0.816153 0.650797
369904272838 0.440486 1.203727 -0.254396 -0.443932 -2.307997 0.103342 -2.033576 1.451343
165780076805908 0.683989 1.690210 -2.669594 0.224662 -0.449484 1.089608 0.039153 0.686444
132793980083965 0.517473 -0.221423 -0.442271 0.108847 -0.568519 2.168773 -0.216154 -0.314761
256265171166458 -0.279271 1.557167 -1.785764 -0.205917 -0.791839 1.739451 0.075446 0.177767
120435151326642 0.175594 0.141322 -0.385737 -0.448673 -0.270930 1.812918 -0.933686 0.584414
432321240139148 0.336086 -0.383416 -1.692975 0.608051 -0.658349 1.661227 -1.016093 -0.299292
1667630436831222 0.105462 -0.195667 -0.779061 -0.017861 -0.527673 1.674691 -1.162016 -0.055906
167635259953475 0.382826 -0.688476 -0.934782 -0.217320 -0.838919 2.047007 -0.715561 0.912743
100000091688605 2.289555 1.588518 -1.322633 -0.541619 -0.135431 0.671663 -0.157895 -2.068029
1742013332726265 0.092188 0.447918 -0.861404 0.342508 -0.492967 1.863844 -0.333166 0.057500
151600248227631 1.004002 -0.447722 -1.323811 -0.594656 0.157792 1.416449 -2.077597 0.729154
307018962803684 0.422801 1.224105 0.406633 -0.317233 -2.834300 0.407457 0.083300 1.244782
1730669957193936 0.475572 -0.102879 -0.698309 0.576705 -0.501738 1.820211 -0.991358 0.297008
1033174230114819 0.710967 1.035607 0.031694 0.472969 -1.509233 1.252671 0.168284 1.420108
1732197670374498 0.024028 -0.468692 -0.563821 -0.154532 -1.268057 1.264940 -0.291991 0.606075
516375861892113 2.145205 0.886404 0.881136 -1.371178 -1.090379 0.538025 -1.096183 -1.630546
295578530487432 2.507843 1.374828 0.897304 -0.318061 -0.914318 0.530015 -2.027322 -1.558240
10207420268054993 2.377683 0.029322 -1.129929 -1.532972 -0.407851 -0.430927 -1.102385 -0.869679
514876042042095 1.854336 1.506649 0.091374 -0.349045 -0.258854 0.395828 -1.984862 -1.300746
1732978630296402 0.510055 -0.155323 -0.748419 -0.037440 -0.192899 1.699294 -1.145678 0.829691
1741455746115357 -0.107339 0.184493 -0.762749 0.049092 -0.533809 2.102905 -0.903932 -0.230852
136496423176024 3.100680 -0.466958 -0.926694 -1.518918 -0.500366 -0.531795 -1.340972 -0.822052
338799903129249 -0.145443 1.577795 -1.883545 0.183575 -0.909327 0.924900 -0.504598 0.439901
532465233609835 0.908481 1.612745 -0.038075 0.003369 0.182555 1.772117 -2.035142 -0.394628
1732138430380422 0.449204 -0.179388 -1.362952 0.417222 -0.425611 0.993832 -1.376378 0.637147
1774504979484739 1.142158 -0.574785 -0.523276 0.333587 -1.368609 0.539384 0.285917 0.691940
1731567660437499 0.598301 -0.185339 -0.189036 0.143894 -0.497114 2.046678 -0.729250 0.435811
326683984410 1.352827 -0.583244 -2.382705 -1.371055 -2.338779 -0.067612 0.289033 1.420662
10211088875714624 0.926186 1.784225 -0.575101 -2.495264 -0.546935 0.473804 -1.228380 -1.254255
1775095692759001 1.074942 -0.656137 0.041890 -0.131288 -1.136379 1.467570 0.633442 0.259348
1742095812718017 0.328155 -0.182062 -0.832041 0.564552 -0.658198 1.572578 -0.799998 0.079259
564870833709282 1.515207 2.191917 -0.034244 -0.542239 -1.735394 -0.522086 -0.368063 -1.455765
1690415054614118 -0.207934 0.422190 -0.773773 0.350500 -1.413280 0.710097 -1.440023 0.843753
465683626812716 1.603113 1.255419 -1.338318 -3.190076 -0.863626 3.144079 1.336864 -1.255230
308291172876720 1.573966 1.194875 -1.342914 -3.147838 -0.821753 3.091992 1.200242 -1.269792
351726008502307 3.099440 0.401379 -1.181161 0.644259 -0.571490 0.492570 0.418353 1.040809
10210487078110060 0.883989 0.460095 -0.862148 -1.362203 -1.323671 0.393067 -1.127679 -2.615090
1702601406728816 0.571583 -0.140078 -0.044596 1.127508 -1.432906 1.758928 -0.378027 -0.890585
342805252728714 0.128989 1.056107 -1.751761 0.188703 -0.668003 1.300207 -0.059274 0.732047
344965915845981 0.161303 1.264332 -1.616320 0.321292 -0.574417 1.404252 -0.134013 0.651899
1060974104001498 0.225882 -0.038461 -0.045012 -0.601224 -2.913064 0.665454 0.440567 0.577326
353134391695800 0.105640 1.156582 -1.832668 0.205361 -0.688338 1.226918 -0.062021 0.597246
518474825015550 2.076927 0.990213 0.051164 -0.509161 -0.803658 0.051062 -1.862038 -1.699901
1741849949409270 0.317236 -0.099253 -0.945490 0.834351 -0.970998 1.023939 -0.817879 0.202502
563280827201616 2.244652 0.443530 -0.678626 -1.230022 -0.730897 -0.581391 -1.124935 -0.974188
343532235989349 -0.042543 2.020957 -2.435287 0.247982 -0.984930 1.087288 -0.142358 -0.152088
197419850682471 1.072088 -0.757226 -1.859626 -1.425347 -2.094241 0.497136 0.358023 1.313265
1761596697434595 0.408719 -0.775966 -1.611515 0.507234 -0.830033 1.712191 -1.053846 0.284779
1060698677362374 0.242421 1.514237 0.095565 -0.509503 -2.784848 0.124311 -0.695499 1.255852
1690788777910079 0.220958 0.272130 -0.707526 1.438156 -1.526729 0.993321 -0.670243 -0.339397
1742096346051297 0.143549 -0.251446 -1.398560 0.330841 -0.878853 1.664933 -0.879839 0.542849
1838301766399393 0.876125 0.579023 -0.976201 1.485762 -0.928483 1.211175 -0.991698 0.566422
100000629738802 2.357224 0.840096 0.032306 -0.972011 -0.416568 1.246789 0.686638 1.364114
358919387591 1.311758 1.802727 -0.299804 -0.097051 0.233457 0.884883 -2.218810 -0.737934
1060741374024771 0.428307 1.069490 0.264209 -0.326731 -2.819227 0.276234 -0.653034 1.316753
1764732510461986 1.652187 -0.288139 -0.099737 0.772006 -0.813703 1.075655 -0.244003 0.778501
345206612488578 0.131493 1.217202 -1.663392 0.246917 -0.615449 1.423408 0.070022 0.713216
194732697617853 1.025745 -0.749863 -1.623211 -1.160484 -2.143232 0.211528 0.417687 0.756718
194693764288413 0.994729 -0.854581 -1.942229 -1.229216 -2.186420 0.347932 0.275321 0.996846
1764440430491194 1.708751 -0.309631 -0.230961 0.953199 -0.964902 0.855149 -0.217133 0.809006
380663362276236 0.237981 1.381695 -2.341688 -0.274991 -0.499781 1.585024 0.306587 0.459462
133880733349264 0.674254 0.304788 -0.447419 1.636321 -2.266961 1.394367 -0.472554 -1.418331
344353522573887 0.439491 1.753521 -2.365435 -0.131379 -0.473202 1.586225 0.321293 0.653445
99984862969 0.680813 1.945809 -0.507567 -3.130149 -1.280339 0.923286 -1.834680 -0.918354
1691620804493543 0.427728 0.121806 -0.789727 0.846756 -0.945942 1.145087 -0.654344 0.746701
71775700624 2.568135 1.598234 -1.222617 -0.481152 -0.022081 0.869033 0.157294 -2.096714
420796315726 -0.293691 2.413633 -2.417752 0.467751 -1.607639 0.843702 -0.648931 -0.171702
14081294537 2.511114 1.711422 -1.388196 -0.320017 -0.037592 1.074140 0.156554 -2.198996
1731070420487223 0.261256 0.437365 -0.843670 0.912346 -0.920907 1.242031 -1.068835 0.693744
1705903553065268 0.391790 0.186587 -0.739577 0.923204 -0.946685 1.200860 -0.777160 0.645443
678548808853043 2.486813 1.078088 1.374702 -1.604670 -1.338972 1.040058 -0.926453 -1.746838
123624513983 0.087558 -0.829340 -0.237664 -0.391807 -1.428833 1.834936 -2.222001 -0.518346
1732003213727277 0.128320 0.237363 -0.886118 0.812980 -1.218955 1.095260 -0.748392 0.722346
1691034417885515 0.172202 0.172779 -0.999364 0.919143 -1.216536 1.288407 -0.618986 0.610637
380339425641963 0.297222 1.646215 -1.973760 -0.252210 -0.332870 1.473373 0.023711 0.390439
1657283527865913 0.272329 -0.926049 0.166825 -0.331249 -1.646847 2.343492 -1.688970 -0.916752
1676229349363550 -0.011470 2.657496 -1.195887 -0.502375 -0.652607 2.111574 0.050762 0.309715
134611059993111 3.568418 0.693289 -1.775995 0.468141 -0.323160 0.363013 0.187855 1.136285
1741962999397965 0.070762 0.538703 -0.470170 0.194206 -0.532379 1.825280 -1.203915 0.645764
1691085864547037 0.283316 0.164796 -0.945409 0.927446 -1.084095 1.171563 -0.818072 0.621253
144308312288690 1.684824 3.091276 0.149059 -0.433254 -2.279308 -0.124705 0.047060 -1.429684
192169930808550 0.985880 -0.149955 -1.357544 -1.809634 -1.576403 0.845257 -1.607947 -2.829227
1642154296035502 -0.528976 1.531143 -2.349340 -1.102631 -1.370043 1.151996 0.029683 -0.328567
571954986334200 1.580349 1.283300 -0.700625 -0.995066 -0.987749 -0.391365 -0.891477 -1.413785
572341082962257 1.494968 1.102625 -0.498427 -1.060369 -0.709577 -0.179418 -1.184167 -1.351381
380814348931193 1.758776 0.761196 -0.614449 -1.108221 -0.807271 -0.274639 -0.824019 -1.367779
1023413737703807 1.502364 1.192180 -0.438875 -1.121262 -0.976351 -0.278770 -0.671417 -1.355832
10250877124 1.301986 2.108703 0.107705 0.163197 0.183689 2.203589 -2.622952 -0.020697
345707099104198 0.648626 1.360413 -0.305701 -0.695546 -2.250870 -0.148576 -2.051708 1.697083
571933843002981 1.750191 0.989214 -0.481387 -1.002258 -1.009603 -0.305690 -0.756018 -1.511970
10154709159742459 3.348741 -0.898209 -1.165362 -1.558866 -0.730732 -0.594604 -1.419589 -0.828609
198320350202343 2.523682 1.632466 -1.435365 -0.238753 -0.250514 0.627906 0.272738 -2.248412
571854893010876 1.536759 0.932486 -0.626820 -1.020257 -0.782353 -0.062477 -0.722557 -1.626715
1486104688070889 1.637034 1.070593 -0.691276 -1.091522 -0.793884 -0.231521 -1.024470 -1.473281
10207572909221000 1.665268 1.071488 -0.689098 -1.033046 -1.046446 -0.445209 -0.783454 -1.500455
578261212370244 1.729831 1.138141 -0.380804 -1.079955 -1.125790 -0.424562 -0.756005 -1.483797
1493238310690860 1.596110 1.023533 -0.587658 -1.124154 -0.798779 -0.230923 -0.884578 -1.335459
1276772462374400 1.644265 1.168530 -0.554659 -1.140377 -0.834195 -0.294706 -1.009265 -1.380077
374843909528237 1.532373 1.176396 -0.548699 -1.176683 -1.039913 -0.258416 -0.959371 -1.507710
479712278891805 1.384307 1.071516 -0.852823 -1.194936 -0.922655 -0.298420 -1.151423 -1.497717
1025067477621758 1.608858 1.132968 -0.387733 -1.069644 -1.095805 -0.348504 -0.901405 -1.316669
1184048718327002 2.085487 0.224155 0.103413 0.347687 -1.128630 0.911322 0.345123 0.967398
726100374211120 1.690731 1.032851 -0.566263 -0.959510 -0.911440 -0.375513 -0.736574 -1.325277
103622369714881 3.092924 1.917474 -0.270463 -1.666423 -0.285525 0.978236 0.782701 1.468570
1814928668753195 1.678341 0.959497 -0.613953 -1.177295 -0.889811 -0.265034 -0.920556 -1.399174
1780198992248671 2.228064 0.225581 -0.020094 0.424615 -0.997280 0.904275 0.476243 0.859477
572892842907081 1.502556 1.067541 -0.577468 -1.194635 -0.874900 -0.226779 -0.909509 -1.452385
190853153177 2.727725 -0.492450 -1.733600 -1.890767 -0.175665 -0.107885 -0.929492 -1.111211
465321010304875 2.405009 0.190709 0.303987 0.410352 -1.235714 0.961639 0.302053 0.970699
10211599316875334 1.680012 1.035683 -0.515680 -1.035857 -0.904269 -0.186636 -0.744096 -1.513396
1115810871830342 0.779037 -0.966668 -0.820779 -0.783713 -2.180074 0.828494 0.433532 0.267507
209962269415819 2.299666 0.061773 0.002070 0.201369 -1.026503 0.822946 0.373044 1.012695
571321509730881 1.562442 1.095680 -0.528912 -1.093479 -0.775453 -0.106171 -0.748676 -1.471863
209948852750494 2.020044 0.298350 0.105903 0.437686 -1.121757 0.808594 0.186247 1.078835
574303326099366 1.709039 0.993821 -0.819803 -0.964959 -0.818689 -0.121343 -0.520077 -1.567826
572836026246096 1.841710 0.981649 -0.329358 -0.964476 -0.802194 -0.252168 -0.731891 -1.360544
559691907560508 1.755115 1.154022 -0.641483 -1.135112 -0.835388 -0.245358 -0.825225 -1.473588
1180562588688234 1.632898 1.010306 -0.516576 -1.143809 -0.939681 -0.179438 -0.772961 -1.514834
465310653639244 2.299040 0.161032 0.138665 0.112787 -1.185192 0.863198 0.390382 1.053815
205936379830818 0.647059 -0.805580 -0.838546 -0.965528 -2.342908 1.009199 0.717013 -0.022475
975624869169389 0.319187 1.192692 -0.305594 -0.777251 -2.277408 -0.012198 -2.055480 1.422104
100007128124481 0.510672 -0.903403 -0.895090 -0.759191 -2.378023 0.975330 0.401882 0.022976
1016538118474694 1.742411 1.030614 -0.570670 -1.021402 -0.755024 -0.150908 -0.860825 -1.486872
1816157185266432 2.073240 -0.031285 -0.043878 0.292030 -1.137533 0.918084 0.228084 1.142254
1804697303132173 2.450532 0.192707 0.058489 0.246611 -1.137051 0.739082 0.410764 1.130789
561611657368533 1.872730 0.797300 -0.498509 -0.928318 -0.976980 -0.304177 -0.710320 -1.449485
1815411572007660 2.438910 0.123027 0.062508 0.313800 -1.167849 0.884413 0.355614 0.878689
1804983086436928 2.513322 0.202496 0.127134 0.287586 -1.054912 0.912053 0.317539 0.955498
100003926554912 2.229190 0.004046 0.137453 0.340855 -1.109658 1.045862 0.324362 1.002242
322528171438023 2.178534 0.145800 0.271441 0.282764 -1.257635 0.895678 0.282108 1.047197
100008186559825 0.522439 -0.885485 -1.103264 -0.593065 -2.398808 1.048555 0.628905 0.172684
1826308794255983 0.713496 -0.863597 -0.779862 -0.824555 -2.402118 0.791072 0.516480 0.091603
1815482155333935 2.249777 0.199736 0.187171 0.559428 -1.289732 0.944331 0.278740 0.947458
1815396745342476 2.183662 0.148330 0.140481 0.375555 -1.046419 1.074130 0.248086 0.941160
1757143927884571 0.395737 1.270970 -0.408901 -0.759312 -2.142272 -0.045578 -1.979724 1.564122
1799693993632504 2.080505 0.146985 0.125804 0.168619 -1.212134 0.884973 0.381673 1.058071
1115763638501732 0.884980 -0.886122 -0.619769 -0.711409 -2.314123 0.845769 0.613538 0.164186
1815488781999939 2.201868 0.327037 0.223919 0.289281 -1.269924 0.794306 0.380307 0.924124
1759303584335272 0.351177 1.286342 -0.411643 -0.649300 -1.904978 0.187459 -1.876708 1.577417
1815515615330589 2.275108 0.130541 0.294904 0.349602 -1.148288 1.005549 0.203599 0.971903
205427803215009 0.595353 -0.793784 -1.068156 -0.864603 -2.331726 0.658706 0.560112 0.242305
1815402648675219 2.231325 0.148607 0.321595 0.220344 -1.205579 0.957335 0.370049 0.809075
370140636651465 0.552298 1.253743 -0.359912 -0.716213 -2.227424 -0.100554 -2.052932 1.462797
204217953342721 0.544873 -0.815492 -0.939876 -0.793055 -2.202725 0.810192 0.581955 0.001368
1699214220400481 0.616698 -0.891304 -0.959633 -0.792403 -2.256395 0.907500 0.463701 0.233066
1115746815170081 0.490435 -0.794549 -0.928916 -0.834054 -2.209855 0.928375 0.472983 0.097557
1055998141184348 0.690814 -0.787711 -0.836221 -0.949396 -2.242703 0.768284 0.589125 0.246533
205937199830736 0.702299 -0.829216 -0.939353 -0.766713 -2.253563 0.914797 0.638951 0.035584
1815468805335270 2.233778 0.076485 0.122110 0.408048 -1.197608 0.769118 0.271075 1.032550
1710088912593013 0.793163 -0.828206 -0.753577 -0.730267 -2.362921 0.775013 0.650583 0.134036
1802766799970735 0.350629 1.056438 -0.304796 -0.714209 -2.284721 0.002710 -1.840364 1.402545
1757108964554734 0.356220 1.116472 -0.238645 -0.590869 -2.041151 0.234194 -1.943379 1.425687
112905748806596 0.814465 1.618967 0.121747 0.889230 -1.898160 1.553758 0.530781 1.240026
205449973212792 0.651542 -0.608172 -0.846611 -0.888909 -2.472112 0.709243 0.618122 0.170564
1775091079426129 0.740514 -0.882408 -0.800899 -0.819155 -2.276857 0.923088 0.666650 0.042845
1765231247078779 0.710478 -0.124598 -0.632448 1.158678 -1.153408 1.039947 -1.217556 0.732448
384038368605402 0.800719 1.609468 -2.724392 0.162233 -0.431441 0.945730 0.014413 0.818181
1775095222759048 0.631831 -0.920307 -1.056201 -0.799915 -2.350244 0.759954 0.472985 0.134720
1654082311588049 0.600135 1.352404 -0.254317 -0.616331 -2.148852 -0.045169 -1.822563 1.574654
1808393676116266 1.138145 -0.434167 -1.568787 -0.904501 0.075054 1.360899 -2.310621 0.791834
353104921698747 0.714726 1.540713 -2.648470 0.285131 -0.476866 0.983584 0.126462 0.558794
10210664077025436 1.077034 -0.263020 -1.596535 -0.726436 0.228168 1.300936 -2.199840 1.116539
1774631766099727 0.654171 -0.387721 -0.158466 -0.171294 -0.626221 2.589322 -0.405366 -0.696753
353490641660175 0.678939 1.581216 -2.701674 0.184634 -0.575254 0.845979 0.129330 0.669163
1783069205292043 0.846199 -0.461814 -0.132902 0.016334 -0.430505 2.525528 -0.390988 -0.464549
1761675290760069 0.415199 0.787330 -0.033552 -0.427692 -0.231353 2.486860 -1.500019 0.561135
1763707100564527 0.525642 -0.265327 -0.565682 1.057224 -1.234446 1.032862 -1.316121 0.366209
110693025319 0.292029 -0.462565 -0.760458 -0.038813 -0.441525 1.721342 -1.755771 -0.360629
380710662271506 0.722492 1.370661 -2.631878 -0.030005 -0.334098 0.963811 0.247016 0.641248
1765721647029739 0.717372 -0.423748 -0.658939 1.095411 -1.213735 1.012112 -1.073636 0.421928
1708362959481147 0.438592 -0.059367 -0.235687 0.069072 -0.748692 2.577595 0.064721 -0.616171
566161870250833 0.228897 0.371439 -0.130863 -0.350799 -0.405378 2.202607 -1.482619 0.341000
1806408416314792 1.255268 -0.418422 -1.217170 -0.539822 -0.036170 1.270878 -2.031206 1.105573
1765467740388463 0.793629 -0.425524 -0.527717 1.246066 -1.342371 1.106872 -0.949702 0.443977
210312382427715 0.167181 3.186090 -1.058525 -1.038909 -0.632837 2.158013 0.020269 0.288028
181236505674009 0.441972 -0.795317 -2.055342 0.458558 -0.675099 1.438871 -1.113960 -0.724723
1763617527240151 0.626683 -0.163578 -0.769227 1.437956 -1.503075 1.079619 -1.190864 0.401503
1812105915745042 0.482218 -0.784006 -1.097938 -0.343041 -0.628568 1.973699 -0.993610 0.929675
1774135676149336 0.897329 -0.311496 -0.170209 0.190570 -0.613214 2.461120 -0.388011 -0.703638
148810165134014 -0.602646 0.259807 -1.549711 -0.364542 -0.923165 2.315026 -1.053624 -0.594632
1774273632802207 0.558377 -0.272349 -0.387196 0.180491 -0.877308 2.534443 -0.331810 -0.769388
106447832755806 1.532358 0.872872 -1.377465 1.858455 -0.692555 1.604219 -0.824805 0.409378
211591442051 -0.212411 2.186501 -2.518490 -1.495840 -1.720357 0.671772 0.221733 -0.413064
