241317679288411 3.024223 0.569336 0.498373 1.793965
179609608748134 0.619686 2.840405 0.949830 -1.101669
160729029892 2.194098 1.011908 -0.112763 -1.868079
113791238657176 0.038381 2.130841 -0.819779 -0.263694
151271931596606 0.238157 1.521783 -1.376224 0.005367
369904272838 1.853757 3.143499 -3.253858 -2.696805
132793980083965 0.133322 2.189146 -0.408752 0.867186
165780076805908 1.672511 0.886950 -2.884073 0.505741
256265171166458 1.141855 1.143455 -2.393443 0.985183
120435151326642 0.210945 1.948783 -0.566507 1.379416
432321240139148 0.083729 2.080838 -0.952950 0.795448
167635259953475 0.141493 1.882028 -0.914035 0.770643
1667630436831222 0.097855 1.912893 -0.732125 0.723427
151600248227631 0.416214 2.529711 -1.627022 1.942335
1742013332726265 0.175071 1.607644 -0.992883 0.607488
100000091688605 2.887010 1.818979 2.214325 1.697528
1730669957193936 0.051943 1.796584 -0.689634 0.651455
307018962803684 1.338755 3.108561 -1.312249 -2.792910
1033174230114819 0.518194 2.717414 -0.395412 -1.445809
1732197670374498 0.372360 0.863549 -0.470619 -0.198731
295578530487432 3.275126 0.954607 1.452506 1.239254
136496423176024 4.590468 -0.092402 -1.107656 1.046997
1732978630296402 0.117643 1.828065 -1.108457 0.742265
516375861892113 3.652827 0.627808 1.179471 0.780854
10207420268054993 3.554603 -0.161671 -0.457622 1.347220
1741455746115357 0.136059 1.766585 -0.553103 0.841359
514876042042095 2.107163 1.287577 1.227639 1.738814
1732138430380422 0.069660 1.636578 -1.054434 0.471834
326683984410 3.792760 0.255118 -1.479384 -1.972375
338799903129249 0.728471 1.213706 -2.240370 0.565599
1731567660437499 0.008739 2.055895 -0.750662 0.539766
1742095812718017 0.027683 1.910073 -0.891428 0.284407
10210487078110060 2.670685 0.731634 -0.588693 2.808285
1775095692759001 0.552948 1.034557 0.164968 -0.582364
564870833709282 2.683187 1.371945 0.595843 2.897482
518474825015550 2.981259 0.593585 0.849571 1.182216
532465233609835 0.943392 2.568918 0.769948 2.209355
1774504979484739 0.398999 1.145081 -0.075000 -0.672025
1690415054614118 0.258772 1.969702 -1.709977 -0.780846
465683626812716 4.768944 2.304054 2.796730 -1.475015
308291172876720 4.748875 2.269372 2.753290 -1.420894
10211088875714624 3.749584 0.823097 1.215940 1.307180
1838301766399393 0.031987 2.380535 -1.747542 -0.198811
345206612488578 0.828421 1.103739 -2.204758 0.515441
1761596697434595 0.043454 1.951566 -0.880279 0.375610
1742096346051297 0.094135 1.951000 -1.177241 0.561574
1741849949409270 0.064754 1.749215 -1.279072 0.202713
1060698677362374 1.407802 2.975926 -2.133509 -2.718850
342805252728714 0.848807 1.189775 -2.238825 0.448688
1690788777910079 0.036038 2.531668 -1.418343 -0.364983
563280827201616 3.501247 0.050821 -0.133469 1.243585
351726008502307 1.727785 2.983252 1.792902 -0.624950
358919387591 1.530141 2.093091 1.091208 2.295608
100000629738802 1.135598 3.174547 2.000087 -0.279400
344965915845981 1.132487 1.068070 -2.455952 0.326164
1702601406728816 -0.206497 3.285534 -0.615951 0.184478
343532235989349 1.554949 1.012674 -2.848356 1.157328
353134391695800 0.865405 1.006400 -2.136086 0.372852
1060741374024771 1.523609 3.187971 -2.106979 -2.839015
1060974104001498 1.822719 1.956503 -0.467701 -2.564998
194693764288413 3.028404 0.393339 -0.753993 -1.826160
197419850682471 2.578271 0.342985 -0.624790 -1.609793
1764732510461986 0.062944 2.185952 -0.106171 -0.483483
194732697617853 2.540640 0.515788 -0.595205 -1.798797
1657283527865913 0.020086 3.165350 0.115747 1.346851
380663362276236 1.711917 0.806189 -2.709910 0.702445
1731070420487223 0.087398 1.850816 -1.150867 0.010390
1764440430491194 0.098199 2.095728 0.047589 -0.588045
380339425641963 1.549997 1.001084 -2.700342 0.918345
123624513983 -0.030142 3.120966 -0.120437 1.312272
344353522573887 1.516734 0.969905 -2.730061 0.674141
192169930808550 3.032474 0.952708 -1.201933 3.431843
1691085864547037 0.163266 1.544743 -1.135079 0.083222
144308312288690 2.656142 2.040375 0.753259 3.549495
1691620804493543 0.153154 1.907941 -1.213012 -0.090933
420796315726 1.618259 1.184135 -3.083097 1.103799
1691034417885515 0.043693 2.029894 -1.211517 0.048709
133880733349264 -0.285581 3.984260 -1.432440 -0.419652
71775700624 2.732421 2.134210 2.409799 1.538250
99984862969 4.274445 1.072438 1.729784 1.250223
1732003213727277 0.119405 1.862284 -1.385215 -0.006863
1741962999397965 0.178857 1.402015 -0.998689 0.336131
10154709159742459 4.966670 -0.084153 -1.521811 0.880966
1642154296035502 1.921002 0.743083 -2.908607 0.250832
14081294537 2.917081 1.869307 2.348850 1.646141
1705903553065268 0.176390 1.777418 -1.363495 -0.016561
10211599316875334 2.838386 0.721635 0.420663 1.807062
678548808853043 4.484965 0.708241 1.301048 0.320271
1676229349363550 1.877154 0.729658 -2.498523 1.329491
1486104688070889 2.616872 0.639384 0.388434 1.716749
10207572909221000 2.744747 0.610777 0.460072 1.680593
345707099104198 1.801865 2.820029 -3.068672 -2.515111
112905748806596 0.513450 3.361716 -0.485177 -1.771739
1815468805335270 0.761836 2.878525 1.081405 -1.104001
190853153177 4.503056 -0.216622 -0.595317 1.201807
134611059993111 2.365227 3.416316 2.398659 -0.512515
561611657368533 2.760283 0.681291 0.412550 1.663201
1180562588688234 2.651817 0.693641 0.457299 1.738896
103622369714881 1.632851 3.765917 2.720006 0.170687
380814348931193 2.759059 0.527680 0.359530 1.568290
1025067477621758 2.601793 0.675159 0.397194 1.861833
1276772462374400 2.628458 0.679713 0.423455 1.751340
571954986334200 2.634519 0.706771 0.453600 1.850473
574303326099366 2.694117 0.585472 0.472629 1.680454
975624869169389 1.757678 2.714520 -3.106889 -2.441156
1654082311588049 1.619336 2.659918 -2.977889 -2.296647
198320350202343 2.813957 1.911332 2.284814 1.525340
726100374211120 2.634747 0.708932 0.449281 1.819212
1802766799970735 1.771775 2.874024 -3.073950 -2.487929
1023413737703807 2.774907 0.707820 0.387112 1.892294
1493238310690860 2.692683 0.683158 0.404897 1.724191
572836026246096 2.806074 0.558671 0.392638 1.702975
1780198992248671 0.819631 2.650194 0.737972 -1.230345
571854893010876 2.655814 0.680127 0.463946 1.716883
571933843002981 2.672647 0.642740 0.479573 1.677563
1016538118474694 2.743355 0.685698 0.439245 1.803493
1757143927884571 1.725238 2.601609 -3.070270 -2.420794
1757108964554734 1.722792 2.758891 -3.092534 -2.379351
1815396745342476 0.736969 2.780406 1.042545 -1.029885
559691907560508 2.726561 0.689834 0.402736 1.824193
571321509730881 2.801609 0.589810 0.437304 1.649174
1799693993632504 0.684070 2.604930 0.820315 -1.045498
374843909528237 2.655242 0.702673 0.489020 1.775462
479712278891805 2.709976 0.715527 0.405392 1.818487
1814928668753195 2.638974 0.682854 0.370953 1.886308
322528171438023 0.849998 2.678382 0.991286 -1.074238
572341082962257 2.636513 0.587596 0.365381 1.748654
572892842907081 2.630550 0.643980 0.327210 1.796563
205936379830818 2.280435 0.860915 -0.195025 -1.749090
1815411572007660 0.826856 2.671188 1.017446 -1.151260
209948852750494 0.823773 2.695652 1.037935 -1.038818
370140636651465 1.631063 2.669624 -3.023954 -2.272273
578261212370244 2.778817 0.686572 0.463268 1.740553
1710088912593013 2.075266 0.830327 -0.256665 -1.679233
1815488781999939 0.797574 2.589618 1.046430 -1.176065
209962269415819 0.810698 2.647238 1.098969 -1.075601
1816157185266432 0.785913 2.544262 0.917470 -1.236451
1115763638501732 2.004200 0.822390 -0.080396 -1.810321
10210664077025436 0.672096 2.779913 -2.128563 2.536141
106447832755806 0.194263 3.095316 -2.770947 -0.378392
1804983086436928 0.741908 2.529846 0.964816 -1.081488
1815482155333935 0.711766 2.641038 1.044702 -0.956330
465321010304875 0.595620 2.752181 0.818743 -1.077879
465310653639244 0.673493 2.827404 0.973936 -0.984097
100008186559825 1.884039 0.886491 -0.198852 -1.683318
1815402648675219 0.779323 2.705702 1.048530 -1.126755
1806408416314792 0.523680 2.584144 -1.771746 2.285788
1184048718327002 0.653454 2.617597 0.885747 -0.986764
1115810871830342 2.147686 0.845194 -0.126881 -1.792817
1759303584335272 1.661525 2.681755 -2.832600 -2.384710
205427803215009 2.105453 0.794798 -0.204773 -1.584815
1055998141184348 2.097890 0.898832 -0.090925 -1.780011
100003926554912 0.653537 2.684003 0.890302 -1.084017
1804697303132173 0.741383 2.627467 1.102516 -0.958540
10250877124 1.245075 3.189161 1.021185 2.554183
1115746815170081 2.261520 0.802390 -0.238768 -1.712833
1826308794255983 2.086102 0.837350 -0.038792 -1.771538
353104921698747 1.492052 0.810556 -2.626270 0.389838
1699214220400481 1.804857 0.893667 -0.199383 -1.660123
205937199830736 2.258162 0.799331 -0.193651 -1.788008
1775091079426129 2.260902 0.857599 -0.156653 -1.845335
205449973212792 2.145242 0.836868 -0.270396 -1.819265
204217953342721 1.996392 0.834592 -0.122434 -1.675801
100007128124481 1.999690 0.909538 -0.186004 -1.853475
1808393676116266 0.535263 2.461619 -1.614746 2.095522
1815515615330589 0.816583 2.695448 1.116383 -1.103049
181236505674009 0.052731 2.385239 -1.152620 0.926241
1775095222759048 2.000024 0.920160 -0.097249 -1.768808
1761675290760069 0.396306 2.085243 -0.803674 1.782561
1783069205292043 0.017874 2.582136 0.018805 0.966760
1765231247078779 0.035392 2.120044 -0.943546 -0.105576
1765467740388463 -0.009581 2.202040 -1.119436 -0.089158
1774273632802207 0.052922 2.610865 -0.310314 1.152881
380710662271506 1.897738 0.706739 -2.833834 0.570204
1765721647029739 0.020187 2.304394 -0.995918 -0.172446
566161870250833 0.325862 2.023411 -0.709001 1.541167
384038368605402 1.924967 0.706039 -2.845690 0.582079
110693025319 0.093017 2.265028 -0.864952 1.077946
353490641660175 1.811518 0.728916 -2.749152 0.716802
1763617527240151 0.050784 2.028752 -0.865263 -0.247704
1774135676149336 0.117805 2.089977 -0.337079 1.132829
1812105915745042 0.192857 2.291460 -1.010158 1.259314
211591442051 2.859961 0.522816 -3.264123 -0.066565
1763707100564527 -0.029075 2.192695 -1.020033 -0.157329
1708362959481147 0.095587 2.261744 -0.329857 1.076973
1774631766099727 0.117556 2.254365 -0.328095 0.955625
148810165134014 0.312638 2.060347 -1.262925 1.528982
210312382427715 2.428794 0.374228 -2.567512 1.193688
