241317679288411 3.905448 -3.064903
179609608748134 2.856029 3.520732
160729029892 2.517100 3.142581
113791238657176 1.029596 0.544178
151271931596606 0.934918 0.201800
132793980083965 0.962362 0.236956
369904272838 2.512006 2.939915
165780076805908 1.153638 -0.327782
256265171166458 1.089325 -0.238428
120435151326642 0.949370 0.056030
432321240139148 0.980424 0.130429
1667630436831222 0.971998 0.110994
167635259953475 0.932674 0.159726
151600248227631 0.881417 0.219764
100000091688605 3.971041 -3.071099
1742013332726265 0.958588 0.077003
1730669957193936 0.943838 0.214829
1033174230114819 1.717349 2.128478
1732197670374498 0.942218 0.613061
514876042042095 3.448781 -2.676795
307018962803684 2.243217 2.789623
1732978630296402 0.937364 0.213993
1741455746115357 0.959449 0.163343
136496423176024 3.899917 -3.073888
295578530487432 3.677848 -2.695690
516375861892113 3.569857 -2.844925
10207420268054993 3.630219 -2.874907
326683984410 3.110240 3.839229
1732138430380422 0.917739 0.272662
1775095692759001 1.715131 2.043652
1731567660437499 0.964610 0.183365
1742095812718017 0.964758 0.329564
338799903129249 1.068795 -0.120747
1774504979484739 1.709091 2.005707
10210487078110060 3.916956 -3.042616
564870833709282 3.769050 -2.884001
465683626812716 4.707909 0.221037
308291172876720 4.661858 0.111233
1690415054614118 1.253710 1.118845
563280827201616 3.501421 -2.780688
1702601406728816 0.972624 0.330984
1690788777910079 0.989641 0.335550
518474825015550 3.572031 -2.760077
10211088875714624 3.800818 -2.747391
1741849949409270 0.956186 0.211532
100000629738802 2.888599 3.574344
1838301766399393 1.165457 0.340098
353134391695800 1.018204 -0.093876
343532235989349 1.441216 -0.536181
1761596697434595 0.934244 0.246755
342805252728714 0.981199 -0.014655
1742096346051297 0.938925 0.287402
351726008502307 2.749635 3.425956
532465233609835 1.433065 -0.738096
345206612488578 1.046112 -0.119604
194732697617853 2.787309 3.567086
344965915845981 1.026934 -0.130788
1060741374024771 2.270571 2.870771
194693764288413 2.744796 3.439867
358919387591 2.738717 -1.807717
197419850682471 2.625881 3.335654
1060698677362374 2.440252 2.839571
1764440430491194 1.484997 1.667500
1676229349363550 2.356958 -1.235198
1764732510461986 1.588945 1.815337
1657283527865913 0.984613 0.197673
133880733349264 0.978600 0.255096
123624513983 0.930936 0.070889
1731070420487223 0.950489 0.284526
1060974104001498 2.286069 2.873477
192169930808550 4.263095 -3.314478
144308312288690 3.968752 -3.170100
1705903553065268 0.974453 0.469883
1732003213727277 0.936150 0.353614
1691085864547037 0.929516 0.398579
1691620804493543 0.911046 0.451724
1741962999397965 0.944823 0.111416
380339425641963 1.184887 -0.333437
1642154296035502 1.538671 -0.731316
1691034417885515 0.921729 0.414271
344353522573887 1.183711 -0.309769
678548808853043 3.771732 -2.992335
420796315726 1.407851 -0.429637
380663362276236 1.217790 -0.318417
574303326099366 3.498902 -2.719153
572836026246096 3.270793 -2.583507
1023413737703807 3.423239 -2.723510
71775700624 3.676617 -2.829884
571933843002981 3.476900 -2.805074
1815488781999939 2.608120 3.207796
370140636651465 2.374512 2.780450
1276772462374400 3.266054 -2.568698
198320350202343 3.984425 -3.009116
578261212370244 3.439028 -2.758112
559691907560508 3.365818 -2.622622
561611657368533 3.412189 -2.673481
1016538118474694 3.353510 -2.653631
726100374211120 3.352374 -2.599937
380814348931193 3.253239 -2.582397
103622369714881 3.166113 3.982758
1486104688070889 3.452794 -2.684626
14081294537 3.822240 -2.989728
572341082962257 3.231548 -2.555136
112905748806596 2.235132 2.666731
10211599316875334 3.258444 -2.546013
1710088912593013 2.314878 2.965873
210312382427715 3.341688 -1.713743
1493238310690860 3.313771 -2.609822
571954986334200 3.336393 -2.596795
1654082311588049 2.251525 2.581190
10154709159742459 3.985796 -2.981012
190853153177 3.891587 -3.003348
322528171438023 2.621085 3.169444
479712278891805 3.320266 -2.600610
10207572909221000 3.286039 -2.646571
572892842907081 3.406326 -2.665597
975624869169389 2.255545 2.589064
134611059993111 3.207344 3.999966
1115810871830342 2.351706 2.884947
1808393676116266 1.023423 0.084554
1814928668753195 3.396570 -2.563825
571854893010876 3.271243 -2.597266
1815482155333935 2.627847 3.299918
571321509730881 3.339472 -2.612413
209962269415819 2.658272 3.204488
1757108964554734 2.443091 2.868269
1816157185266432 2.717277 3.324156
1757143927884571 2.408672 2.810246
1799693993632504 2.812824 3.355075
1055998141184348 2.384035 3.040886
374843909528237 3.322381 -2.632618
1775095222759048 2.297273 2.828614
1180562588688234 3.377166 -2.650948
99984862969 4.140412 -3.053175
1025067477621758 3.437271 -2.665748
465321010304875 2.562562 3.236475
1699214220400481 2.315170 3.007540
1815468805335270 2.501178 3.008465
1802766799970735 2.296700 2.612493
205449973212792 2.280813 2.864177
1815402648675219 2.587523 3.238559
1184048718327002 2.652070 3.286224
1775091079426129 2.266633 2.850862
1115746815170081 2.332697 2.900773
209948852750494 2.508679 3.152421
1804983086436928 2.447603 3.059279
1759303584335272 2.125390 2.527563
204217953342721 2.205329 2.815241
1815515615330589 2.590264 3.179617
465310653639244 2.508343 3.113225
1804697303132173 2.525055 3.166292
100003926554912 2.489419 3.132411
100007128124481 2.343690 2.961848
1115763638501732 2.292289 2.882228
1815411572007660 2.488386 3.093237
205937199830736 2.157219 2.771041
100008186559825 2.268293 2.879315
1826308794255983 2.207949 2.764390
1780198992248671 2.562910 3.139089
345707099104198 2.148021 2.469399
1815396745342476 2.538529 3.113984
1708362959481147 0.945250 0.462012
1774135676149336 0.919151 0.380848
10210664077025436 0.854403 0.209979
205936379830818 2.198082 2.810257
1774631766099727 0.958300 0.277022
1774273632802207 0.931853 0.345630
205427803215009 2.283532 2.840868
1763617527240151 0.968547 0.512618
1783069205292043 0.975037 0.332383
1763707100564527 1.012328 0.424320
1765721647029739 0.999166 0.393582
380710662271506 1.265969 -0.430593
1765467740388463 1.027140 0.641735
1765231247078779 0.953977 0.515208
384038368605402 1.310423 -0.442486
1806408416314792 0.949167 0.058710
10250877124 1.813038 -1.004930
1812105915745042 1.021842 0.134314
353104921698747 1.358953 -0.515601
353490641660175 1.253653 -0.350149
181236505674009 1.047836 0.224224
110693025319 0.973514 0.130034
148810165134014 1.005357 0.135387
106447832755806 1.364046 0.266104
566161870250833 0.965373 0.165333
211591442051 2.365801 -1.358433
1761675290760069 0.956558 0.110014
