241317679288411 1.168090 0.277796 1.062766 -0.153612 1.046807 0.040227 0.030128 -0.024195 0.069172 -1.301462 0.985175 1.167970 -1.016669 -0.651604 0.450790 -0.683400
179609608748134 1.767353 0.307351 1.280191 0.310343 -0.383723 0.313709 -0.786095 0.058672 0.616885 0.593617 0.597407 -0.105622 -0.593975 0.311383 -0.977783 0.349856
160729029892 1.786065 0.282790 -0.231131 -0.101027 -0.781694 0.979803 -0.480724 -0.672501 0.817701 -0.788505 -0.125781 -0.350147 -0.417801 0.903916 -0.301104 -0.630652
113791238657176 0.733591 0.695835 -0.023580 -0.476123 0.776450 0.156222 -0.989903 -0.803457 1.013904 0.386416 -0.119221 -0.438811 -0.729680 -0.033503 -0.892301 0.004281
151271931596606 0.662728 1.334499 -0.251316 0.250465 0.825601 0.359181 -0.367872 -0.255344 0.650443 0.269582 0.207562 -0.503629 0.133646 0.424706 -1.136201 -0.742607
369904272838 1.249059 1.863894 -0.100494 -0.958178 0.843769 0.930785 -0.850156 0.108655 1.441012 -0.579948 0.911287 0.098122 0.543916 -1.196422 -0.207431 0.031781
132793980083965 0.673277 -0.235672 0.776543 0.184359 0.696178 0.927540 -0.453087 -0.295006 0.943557 0.006867 -0.229820 -0.419752 -0.205216 0.596966 -0.946575 -0.850550
165780076805908 1.198760 1.425441 -0.019647 -0.200982 1.936754 0.234184 0.732560 0.247533 0.162770 0.571506 0.117362 -0.096354 -0.350408 1.114845 -0.762824 -0.943646
256265171166458 0.798862 1.202153 -0.116130 0.323422 1.334570 0.466541 0.153859 -0.785527 -0.205559 0.794767 0.621522 0.150647 -0.490343 1.080283 -0.696031 -1.205343
120435151326642 0.394898 0.448265 -0.294001 0.272382 0.714601 0.869910 -0.601317 -1.088558 0.708037 0.095604 0.472749 -1.034117 -0.637667 0.613919 -0.030879 -0.879912
167635259953475 0.194064 0.527100 -0.049957 0.071997 0.382915 0.971260 -0.747640 -0.537379 0.931899 0.655163 0.178364 -0.065903 -1.032224 0.109679 -0.833370 -1.336068
432321240139148 0.347104 0.480305 -0.454566 0.405312 1.049976 1.319231 -0.878200 -0.497406 0.000644 -0.204460 0.032775 -0.338597 -0.663963 -0.104755 -1.413163 -0.533770
1667630436831222 -0.036469 0.571486 0.066362 0.095876 0.697102 0.983138 -0.248497 -0.187008 1.028599 -0.194480 0.409385 -0.719640 -1.007395 0.428974 -1.275261 -0.475389
100000091688605 0.788793 1.578676 0.487578 0.229785 1.162686 0.231884 0.870418 -0.641531 0.767171 -1.549375 0.351710 1.515441 -1.373675 -0.282160 0.681088 -0.429125
1742013332726265 0.260341 0.606356 -0.015828 0.272411 1.024927 0.762774 -0.308921 -0.676490 0.353180 0.561897 0.151916 -0.472050 -0.833572 0.517332 -0.626634 -0.677330
151600248227631 0.157399 1.264544 -0.298822 0.157799 1.036006 0.660104 -0.558561 0.619757 0.839756 -0.476784 0.114132 -0.806813 -1.802302 0.147471 -1.037698 -0.478542
1730669957193936 0.376399 0.273444 -0.073377 -0.059891 0.824619 1.042205 -0.622531 -0.605499 0.652512 0.190840 0.086625 -0.596790 -0.461691 -0.004135 -0.969936 -0.663696
307018962803684 1.209640 1.830610 0.213773 0.510832 -0.630544 1.053827 -0.664468 0.342557 1.212713 -0.286467 1.032900 -0.275395 0.476824 0.040744 -0.332645 -0.106967
1732197670374498 0.709196 0.638127 -0.665467 -0.087811 -0.127259 0.591017 -0.558686 -0.743442 0.767727 0.051050 0.175794 -0.538487 -0.510719 0.461745 -0.388352 -0.862567
1741455746115357 0.549717 0.192802 -0.286100 0.619452 1.564378 1.096790 -0.647488 -0.314861 0.575997 -0.292747 0.133732 -0.928171 0.204349 0.199068 -0.783523 -0.924093
1033174230114819 1.025087 1.476777 0.500880 0.853064 -0.164003 0.704374 -0.561790 0.302840 0.837025 0.449652 0.767945 -0.677994 0.282330 0.023525 -1.058025 -0.140508
1732978630296402 0.167703 1.079313 -0.237671 -0.009697 0.764326 0.475783 -0.676942 -0.268124 1.049676 0.405826 0.359141 -0.807673 -1.010152 0.026743 -0.666110 -0.680462
136496423176024 2.012108 -0.025537 0.934313 -0.046167 1.564558 0.391455 0.649730 0.019742 -0.471031 -2.104200 0.589443 -0.249178 -0.473955 -1.236546 -0.738919 -0.417394
516375861892113 1.873593 -0.353397 1.099927 -0.144413 1.413952 0.491004 0.599112 0.157647 0.385486 -0.552623 0.277413 0.373696 -1.361650 -0.703796 1.159857 -0.372355
514876042042095 0.986595 0.125064 0.560138 0.732969 1.430734 0.781610 0.428613 -0.514768 -0.120863 -0.638759 1.027863 0.070992 -1.721092 -1.053488 1.075924 -0.779591
295578530487432 1.814750 -0.327549 0.831853 0.492289 1.536716 0.851885 0.408161 -0.122755 0.112339 -0.180984 0.486624 0.225376 -1.640710 -0.931700 1.477269 -0.543641
10207420268054993 1.626657 0.058486 0.879154 -0.155114 1.439513 0.111109 0.709141 -0.184946 -0.166593 -1.840998 0.510084 0.314129 -0.368217 -0.937826 -0.060811 -0.711493
1731567660437499 0.432072 0.118737 0.018374 -0.089125 0.581384 0.824857 -0.774128 -0.871586 1.283135 0.566752 0.213599 -0.639588 -0.594323 0.086124 -0.528369 -0.616267
338799903129249 0.952917 1.659515 -0.260539 0.102690 1.075563 0.316094 0.208763 -0.058271 0.344195 0.819662 0.101893 -0.273912 -0.110050 0.548618 -0.948772 -0.992467
1732138430380422 0.520729 1.148774 -0.522866 0.083744 0.908675 0.555338 -0.702858 0.179532 0.312612 0.036343 -0.122540 -0.702393 -1.149103 0.165029 -1.305717 -0.352451
1774504979484739 1.352582 0.390609 0.184743 -0.159870 -0.519822 0.155611 -0.723313 -0.510778 0.497663 0.057454 -0.133666 -0.627558 -0.619352 0.539891 -0.756336 0.176244
326683984410 2.858994 0.966766 -0.395481 -0.233114 -0.228163 0.903603 -1.042389 -0.801598 -0.546264 -1.004787 -0.050655 0.261388 -0.592975 1.418431 0.960808 -0.645045
10211088875714624 0.980565 0.564489 1.214352 -0.885667 1.129679 0.832518 -0.117911 -0.502398 -0.534920 -0.825158 0.012735 1.533506 -0.927274 -0.679921 0.528020 -1.103568
532465233609835 0.199092 0.286958 -0.040829 1.097086 0.944888 0.956683 -0.080336 -1.018561 0.606396 -0.081007 1.045101 -0.786509 -1.249505 -0.274145 0.755369 -0.921316
1742095812718017 0.585569 0.443320 0.198823 0.018886 0.875648 0.946293 -0.794435 -0.438857 0.788044 0.042449 -0.287236 -0.486234 -0.214016 0.421293 -1.315694 -0.574228
10210487078110060 0.868104 0.302067 1.119014 -0.734281 0.867190 -0.388358 -0.011464 -0.385859 0.389077 -1.850748 1.394992 0.284367 -0.936170 0.104952 0.924524 -1.484804
1775095692759001 1.256774 -0.393538 1.047385 0.124719 -0.430237 0.850158 -0.645723 -0.239296 0.660938 -0.179519 0.064917 -0.523500 -0.208051 0.848682 -0.734678 -0.409630
563280827201616 1.544636 0.056610 0.819393 -0.093181 1.386486 0.253381 0.500339 0.022729 -0.382063 -1.847748 0.613316 0.167109 -0.654787 -1.034621 -0.234584 -0.496922
465683626812716 1.146158 2.246724 1.276022 -1.485891 1.388268 1.517195 0.750018 -1.703352 -0.870973 -0.675008 1.544109 -1.422770 -0.465638 -0.848019 -0.344853 0.209037
308291172876720 1.154111 2.214028 1.286862 -1.481767 1.399444 1.546289 0.770133 -1.684068 -0.890629 -0.665391 1.597850 -1.398814 -0.467959 -0.830339 -0.352608 0.194534
358919387591 0.573376 0.154551 0.086371 0.997432 1.379132 1.010395 0.100451 -0.863788 0.193666 -0.338128 1.205094 -0.456576 -1.676032 -0.808790 0.787619 -0.920535
100000629738802 1.440336 0.599546 1.503065 -0.230425 -0.477829 0.167854 -0.711887 0.154985 -0.173546 0.788793 1.555466 -0.774404 -1.123922 0.634989 -0.593059 0.219937
345206612488578 0.705770 1.180351 -0.317464 -0.066898 1.363869 0.162329 0.027336 -0.182516 0.108387 0.382919 0.409727 -0.185391 -0.224903 1.035458 -0.921214 -0.649088
1690415054614118 0.562695 1.164492 -0.139499 -0.528218 1.010576 0.595933 -0.657847 -0.178916 1.184345 0.281049 0.290211 -0.196169 0.308535 -0.377715 -0.722396 0.262676
343532235989349 1.363253 1.902013 -0.332043 -0.069314 1.250736 0.296921 0.710990 -0.141269 -0.025282 1.080069 0.399768 -0.043384 -0.350586 0.816538 -0.322304 -1.198434
344965915845981 0.710186 1.203982 0.010799 -0.062703 1.317240 0.373896 0.083051 -0.276821 0.206062 0.410374 0.215247 0.098638 0.112178 0.999311 -0.781156 -0.835125
351726008502307 2.485320 0.464890 0.998721 0.163028 0.295881 0.207689 0.000158 -0.077973 0.067299 0.156822 0.571004 -0.696587 -0.239109 0.494587 -0.922623 1.357560
564870833709282 1.429497 0.517269 1.011599 -0.161018 -0.100961 0.519698 0.921888 0.257652 -0.359434 -1.309910 1.049232 0.786794 -1.756614 -1.010875 0.252303 -0.800467
518474825015550 1.530114 -0.041612 1.135993 0.172243 1.190331 0.438411 0.165829 -0.149011 -0.071678 -0.749447 0.580199 0.874699 -1.386560 -0.604529 1.059369 -0.575391
1741849949409270 0.635046 0.848227 -0.305183 0.055599 0.705859 0.579913 -0.744280 -0.724162 0.226562 0.063232 -0.153106 -0.309783 -0.228724 0.076835 -1.380245 -0.330286
1702601406728816 0.530870 0.437005 1.042158 -0.497947 0.720681 0.162138 -0.700448 -1.031189 0.991002 -0.010202 -0.430931 -0.721063 -0.456890 -0.195113 -1.271711 -0.776547
1690788777910079 0.308575 1.282533 0.392319 -0.267465 0.639115 -0.055460 -0.639675 -0.935529 0.628107 0.042770 -0.054481 -0.530338 0.015210 -0.150480 -1.377955 -1.002127
1060741374024771 1.275116 2.003597 0.063144 -0.086441 -0.040550 1.017104 -0.536359 0.427189 1.438168 -0.486445 1.043226 -0.016199 0.661190 -0.571971 -0.027200 0.003043
353134391695800 0.690638 1.395809 -0.225741 -0.073022 1.314558 0.380013 0.141853 -0.118139 0.144390 0.542744 0.154114 -0.019370 -0.164877 0.855827 -1.043172 -0.872287
1761596697434595 0.496100 0.326240 -0.425023 -0.089554 0.383855 1.006971 -1.002780 -0.950115 0.427494 0.286296 0.050466 -0.172885 -0.901898 -0.349864 -1.156536 -0.535646
1838301766399393 0.763163 1.133139 -0.165330 -0.057213 0.803276 -0.121627 -0.653840 -1.084467 0.720900 -0.129357 -0.788957 -0.819399 -0.417578 0.214203 -0.732689 -0.251301
342805252728714 0.856649 1.238481 -0.166511 0.006297 1.153706 0.298594 0.193442 -0.286654 0.114388 0.684580 0.310895 -0.104589 -0.181643 0.813772 -0.910446 -0.878312
1742096346051297 0.409784 0.871753 -0.434614 0.358986 0.656345 0.945810 -0.539513 -0.334285 0.326150 0.434364 0.362485 -0.086475 -0.323122 -0.000788 -1.341188 -1.184984
197419850682471 2.283157 0.597992 -0.162143 -0.285098 -0.523556 0.850258 -0.899003 -0.679871 0.074687 -0.702701 -0.090654 0.035052 -0.461625 1.178746 0.343045 -0.617468
1764732510461986 1.343623 0.373782 0.635232 0.184836 0.074591 0.298095 -0.853975 -0.340029 0.380074 0.544704 0.268601 -0.663422 -0.473654 -0.133412 -1.159380 0.441696
194693764288413 2.322826 0.741106 -0.267362 -0.289291 -0.580550 0.774512 -0.965937 -0.842027 -0.118064 -0.785245 -0.176633 0.118511 -0.519003 1.029279 0.564049 -0.617512
1060698677362374 1.591127 2.128797 0.272819 -0.018699 -0.334967 0.916527 -0.839191 0.324099 1.618451 -0.342814 0.973242 -0.209330 0.607608 -0.708531 -0.325984 0.161038
1060974104001498 1.517488 1.425231 0.007302 0.215460 -1.113340 1.029267 -0.723578 -0.013731 1.137561 -0.754764 0.587032 -0.158192 0.343230 0.595470 0.061149 -0.473599
1642154296035502 0.899256 1.549535 -0.376972 0.262171 0.988861 -0.230208 0.175989 -1.223480 -0.968591 0.107255 1.239791 0.168014 -0.650846 1.369582 -1.082781 -1.120688
194732697617853 2.161089 0.479938 -0.252861 -0.206791 -0.344806 0.856464 -0.991679 -0.723571 -0.050232 -0.689565 -0.119332 0.059510 -0.436789 1.215041 0.359495 -0.633378
123624513983 -0.291600 0.171045 0.627917 0.100008 0.921166 1.296511 0.210167 -0.708531 1.246593 -0.769945 0.819382 -0.573003 -1.077647 0.628692 -1.674371 -0.246642
1657283527865913 0.094543 -0.338039 1.139284 0.101659 0.939443 1.291062 -0.011415 -0.814905 1.277532 -0.788335 0.435982 -0.590955 -0.611381 0.627667 -1.517678 -0.345066
1731070420487223 0.688045 1.067433 -0.140728 -0.154271 0.716412 0.254851 -0.815319 -0.744823 0.738788 0.299746 0.073089 -0.569463 -0.359852 0.071908 -1.315434 -0.119775
380663362276236 1.101562 1.335912 -0.184380 -0.211827 1.792300 0.404001 0.474849 -0.146891 -0.250372 0.553330 0.221994 0.176814 -0.316365 1.100858 -0.775905 -1.018924
1764440430491194 1.294925 0.617505 0.509529 0.040516 0.048650 -0.022916 -0.793998 -0.207741 0.403260 0.514314 0.259796 -0.842851 -0.696324 -0.133605 -1.112672 0.518241
380339425641963 0.927770 1.106906 0.081772 -0.077052 1.857051 0.397987 0.575091 -0.318177 -0.158511 0.725986 0.294064 -0.013794 -0.445307 1.154354 -0.625722 -1.053302
1676229349363550 0.787693 1.629801 0.581951 0.791271 1.480537 1.127416 -0.087149 -1.219647 -0.650921 0.707810 0.170754 0.678535 -0.027629 1.219172 -0.582862 -0.343362
344353522573887 1.183502 1.169665 -0.058103 -0.135915 1.627522 0.319256 0.521905 -0.269076 -0.279575 0.915496 0.345206 0.085059 -0.371200 0.903521 -0.753628 -1.166212
1732003213727277 0.560763 1.350472 -0.197358 -0.079548 0.789728 0.353020 -0.628672 -0.693655 0.817778 0.277658 0.038583 -0.609604 -0.224640 0.344720 -1.046953 -0.250460
99984862969 0.996881 0.772619 1.476506 -1.508120 1.024033 1.219133 -0.492593 -0.798882 -0.828387 -0.620421 -0.066474 1.509532 -0.865857 -0.333270 0.488959 -1.586006
133880733349264 0.377738 0.762726 1.251966 -0.569067 0.982667 -0.449719 -0.480746 -1.147650 0.776613 -0.078507 -0.303715 -0.606990 -0.398255 -0.334154 -1.796523 -1.226270
1741962999397965 0.434967 1.125322 -0.320710 0.456787 0.879410 0.638436 -0.371442 -0.634855 0.832460 0.396228 0.590876 -0.945562 -0.150863 0.424790 -0.372147 -0.584568
71775700624 0.915627 1.495621 0.507193 0.358073 1.262782 0.323852 0.989019 -0.693129 0.734497 -1.492779 0.191799 1.512789 -1.392042 -0.358846 0.490593 -0.164908
420796315726 1.817534 2.438284 -0.506722 0.210855 0.789429 0.469062 0.514751 -0.011477 0.152323 1.386401 0.403572 -0.117459 -0.417220 0.785600 -0.350964 -1.179003
1691034417885515 0.625120 1.097494 -0.153316 0.065760 0.668489 0.316096 -0.699916 -0.579781 0.741025 0.424195 0.133292 -0.528315 -0.301800 0.346056 -1.264901 -0.358782
1691085864547037 0.587483 1.097983 -0.076533 0.089801 0.605486 0.418950 -0.798345 -0.663809 0.895439 0.403096 0.100327 -0.566653 -0.256146 0.380918 -1.153729 -0.167375
14081294537 0.903815 1.613130 0.272045 0.147505 1.317398 0.360186 1.020793 -0.761541 0.934090 -1.681749 -0.051969 1.613154 -1.340560 -0.342202 0.507097 -0.402139
192169930808550 0.695923 0.355301 1.305912 -1.027120 0.822842 -0.369135 -0.433183 -0.719133 0.306633 -2.245107 1.754498 0.060783 -0.830214 0.337828 0.749101 -1.938380
1691620804493543 0.544092 1.116624 -0.194285 -0.254895 0.802201 0.169901 -0.638109 -0.719207 0.716708 0.615292 0.141438 -0.552339 -0.664704 0.156735 -0.959771 -0.317562
1705903553065268 0.742115 0.941073 -0.229967 -0.346014 0.956732 0.276870 -0.678542 -0.602451 0.728315 0.571914 0.106219 -0.587029 -0.478262 0.247492 -1.256051 -0.217222
559691907560508 1.144815 0.379339 1.166402 -0.167866 1.000661 0.217659 0.278850 -0.219303 0.029703 -1.230487 0.787464 0.966130 -1.169371 -0.499287 0.655548 -0.607287
1814928668753195 1.125374 0.260060 1.170658 -0.250815 0.910683 0.216313 0.141976 -0.157955 -0.051263 -1.233182 0.872736 0.857686 -1.156091 -0.547401 0.627267 -0.673108
103622369714881 1.604875 0.913442 1.940298 -0.061264 -0.576496 0.317263 -0.692476 0.339354 -0.447796 0.847993 2.258142 -0.780692 -1.752092 0.821138 -0.257080 -0.057331
198320350202343 0.926216 1.703685 0.301181 0.233389 1.070422 0.290929 0.961257 -0.629716 0.940532 -1.502539 0.097224 1.586505 -1.197776 -0.187225 0.347559 -0.323901
571854893010876 1.216951 0.411405 1.234824 -0.158127 1.034516 0.245820 0.124805 -0.177514 -0.186497 -1.323121 0.876568 0.970828 -1.066681 -0.532991 0.469178 -0.309195
10154709159742459 2.189976 0.086269 0.899894 -0.147249 1.493818 0.441608 0.647608 0.214743 -0.615286 -2.181266 0.581817 -0.432432 -0.251531 -1.287781 -1.249159 -0.364289
571933843002981 1.219354 0.320000 1.296092 -0.310243 1.097265 0.346444 0.150714 -0.258629 -0.163484 -1.191689 0.775956 0.900909 -1.093436 -0.537916 0.599500 -0.497477
572341082962257 1.036713 0.335189 1.153447 -0.210542 0.986459 0.145333 0.143908 -0.241417 -0.148412 -1.208817 0.864497 0.790847 -0.989389 -0.549534 0.568057 -0.510401
572836026246096 1.190001 0.313077 1.181406 -0.073474 1.064398 0.080984 0.150664 -0.179029 -0.036945 -1.380274 1.041809 0.887371 -1.027423 -0.493001 0.585975 -0.431680
574303326099366 1.154013 0.311637 1.184933 -0.116005 1.060157 0.224368 0.170424 -0.254060 -0.200371 -1.292100 1.020161 0.691925 -1.113894 -0.537045 0.624008 -0.422083
1025067477621758 1.219753 0.253996 1.129771 -0.165751 0.905373 0.200476 0.299266 -0.093716 -0.004571 -1.247715 0.979153 0.799105 -1.166875 -0.531427 0.575828 -0.468457
578261212370244 1.154769 0.424677 1.135110 -0.151594 0.882849 0.157192 0.348593 -0.123244 -0.041210 -1.256479 0.869358 1.016746 -1.130361 -0.459608 0.578184 -0.323704
1023413737703807 1.187308 0.250187 1.167675 -0.137621 1.078258 0.241187 0.115030 -0.154753 -0.125514 -1.131190 0.930083 0.890909 -1.119042 -0.514706 0.705375 -0.507909
1276772462374400 1.176391 0.421581 1.210884 -0.257099 0.786788 0.372634 0.245215 -0.166781 -0.271524 -1.069136 0.899052 0.905534 -1.242463 -0.542143 0.623253 -0.520842
1016538118474694 1.162254 0.320939 1.184023 -0.158610 0.957569 0.244830 0.148405 -0.183263 -0.201625 -1.256359 0.945303 0.826363 -1.071732 -0.534736 0.600344 -0.420384
1180562588688234 1.228201 0.282393 1.275461 -0.219360 1.159764 0.142719 0.178163 -0.152738 0.061439 -1.340811 0.873082 0.879400 -0.991457 -0.462222 0.600696 -0.354484
380814348931193 1.134449 0.319413 1.234075 -0.172293 1.101602 0.208444 0.216068 -0.283904 -0.086569 -1.323666 0.909540 0.834703 -1.108338 -0.507126 0.630428 -0.504656
10211599316875334 1.180858 0.329393 1.274108 -0.213263 1.185665 0.291434 0.038923 -0.282198 -0.141622 -1.145341 0.860616 0.965418 -1.112219 -0.522206 0.677578 -0.402990
1493238310690860 1.229360 0.361041 1.131134 -0.119724 1.076360 0.190075 0.325954 -0.147807 -0.118131 -1.345395 0.763796 0.894601 -1.024353 -0.575300 0.506446 -0.406140
1486104688070889 0.975442 0.497700 1.212939 -0.336791 0.846567 0.088256 0.084939 -0.195330 0.018664 -1.383740 0.984740 0.977441 -1.101074 -0.320309 0.626385 -0.559530
100003926554912 1.847559 0.275068 1.133596 0.468301 -0.260748 0.360815 -0.647976 0.041846 0.305137 0.515209 0.550067 -0.344544 -0.557311 0.153777 -1.063200 0.219179
975624869169389 1.436784 2.034429 -0.084773 -0.873228 0.948457 0.776063 -0.534555 0.379552 1.423340 -0.521094 0.734999 0.244815 0.453345 -1.223312 0.061340 0.177643
374843909528237 1.131428 0.507675 1.137604 -0.048657 0.962051 0.351448 0.194452 -0.209117 -0.101444 -1.104088 0.811220 1.045308 -1.238217 -0.566927 0.626216 -0.328781
572892842907081 1.129776 0.366910 1.294941 -0.219087 0.899671 0.216570 0.079870 -0.173034 -0.175719 -1.299886 1.010798 0.998007 -1.120193 -0.477237 0.517222 -0.470132
465321010304875 1.849465 0.060545 1.098228 0.517300 -0.402668 0.576702 -0.660593 0.228641 0.359287 0.325214 0.674635 -0.480434 -0.773258 0.244289 -1.007394 0.266470
571954986334200 1.198148 0.356699 1.200392 -0.195499 0.980234 0.324250 0.133766 -0.158954 -0.200309 -1.187685 0.924166 0.979326 -1.169131 -0.563908 0.608621 -0.376844
1815515615330589 1.782206 0.435137 1.172103 0.494039 -0.391542 0.504659 -0.789802 0.226637 0.291959 0.473159 0.738894 -0.431237 -0.543652 -0.084133 -1.039080 0.304133
134611059993111 3.324618 0.548610 0.999327 0.111536 0.662677 0.198611 0.278964 -0.238358 0.058439 -0.226814 0.539728 -0.732197 -0.047659 0.584928 -1.081241 1.611297
726100374211120 1.130044 0.384701 1.095658 -0.038634 0.927652 0.212308 0.307478 -0.151894 -0.133007 -1.273179 0.962946 0.845795 -1.103667 -0.532947 0.510591 -0.429145
10207572909221000 1.101422 0.354410 1.133170 -0.181672 0.837816 0.232874 0.269150 -0.187093 -0.267329 -1.378753 0.932198 0.788192 -1.083498 -0.640849 0.325426 -0.468555
322528171438023 1.851938 0.384876 1.174420 0.318436 -0.375068 0.389403 -0.702962 0.023079 0.401225 0.383434 0.597915 -0.451914 -0.504159 0.026643 -0.863385 0.452069
100008186559825 1.619673 0.665976 -0.266569 -0.369734 -0.851385 0.682644 -0.456632 -0.835907 0.918628 -0.817027 -0.072163 -0.049413 -0.506451 0.956435 -0.363232 -0.929733
1815411572007660 1.767923 0.600052 1.229904 0.526380 -0.469455 0.459917 -0.709640 0.317619 0.459880 0.280471 0.665076 -0.400449 -0.483778 0.053772 -1.039134 0.312628
1815482155333935 2.036337 0.388535 1.035499 0.468450 -0.563179 0.451285 -0.781825 0.019501 0.240178 0.352133 0.524517 -0.412046 -0.576223 0.064736 -0.874190 0.310493
561611657368533 1.133517 0.280474 1.345815 -0.277511 1.014234 0.203671 -0.075095 -0.216433 -0.231741 -1.304551 1.150758 0.825072 -1.053130 -0.498558 0.559616 -0.564395
479712278891805 1.245331 0.337910 1.203749 -0.205765 0.941876 0.170712 0.172947 -0.130761 -0.036085 -1.312023 0.825218 0.964937 -1.125725 -0.541126 0.543663 -0.495467
1780198992248671 1.891711 0.427670 1.147137 0.505630 -0.374601 0.407183 -0.664788 0.001571 0.266813 0.350190 0.394603 -0.329553 -0.350252 0.162319 -1.016657 0.189262
1802766799970735 1.419559 1.953240 -0.156796 -0.893889 0.841134 0.851620 -0.779813 0.086262 1.490041 -0.445230 0.765457 0.089345 0.367934 -1.251213 0.038566 0.210305
678548808853043 2.189354 -0.376605 1.151195 -0.285705 1.464016 0.607271 0.653672 0.357646 0.600589 -0.288440 -0.069376 0.437466 -1.352879 -0.579858 1.106679 -0.066160
209962269415819 1.749795 0.402029 1.201767 0.654518 -0.276942 0.420364 -0.521108 0.209033 0.392728 0.368809 0.618960 -0.422554 -0.499813 0.020445 -1.046417 0.437167
211591442051 1.504171 1.869667 -0.232227 0.106945 0.779378 -0.427758 0.316287 -1.104087 -1.361503 -0.165968 1.617568 0.383003 -0.644601 1.428504 -0.957021 -1.051242
571321509730881 1.088194 0.343446 1.155239 -0.219002 1.080674 0.177854 0.188541 -0.201695 -0.063773 -1.225725 0.789285 0.852336 -1.011084 -0.471807 0.602304 -0.465729
1815488781999939 1.782682 0.405648 1.090389 0.390913 -0.454219 0.324185 -0.719137 0.046352 0.456063 0.449115 0.548247 -0.390043 -0.583212 0.067368 -0.951480 0.247032
205936379830818 1.910614 0.538056 -0.028772 -0.397610 -0.979965 0.685602 -0.582035 -0.645703 0.857670 -0.865286 0.031989 -0.033016 -0.444521 0.795486 -0.146999 -0.732497
345707099104198 1.263639 1.995243 -0.057771 -0.759011 0.853333 0.800203 -0.577052 0.292021 1.506791 -0.527751 0.755031 0.212934 0.608782 -1.182650 -0.081633 0.072882
209948852750494 1.842969 0.432700 1.334919 0.441913 -0.421516 0.394558 -0.657638 0.173554 0.282108 0.466358 0.754036 -0.298404 -0.575340 0.010828 -1.037296 0.333754
1759303584335272 1.504527 2.052968 -0.075249 -0.932760 1.049143 0.781610 -0.592315 0.256300 1.355569 -0.478197 0.823536 0.315671 0.581002 -1.249405 0.015971 0.205361
1184048718327002 1.894315 0.339532 1.199082 0.463196 -0.233617 0.344960 -0.747298 0.036392 0.303951 0.515632 0.559365 -0.497638 -0.577566 -0.040836 -1.119137 0.387982
144308312288690 1.691347 0.958922 0.919844 -0.082115 -0.626524 0.759832 1.166260 0.314454 -0.546215 -1.301080 1.158174 0.746732 -2.070981 -1.046834 -0.102196 -0.770955
1799693993632504 1.826558 0.453684 1.167440 0.406888 -0.376996 0.297170 -0.702415 0.055819 0.255673 0.438256 0.637087 -0.451414 -0.681856 -0.031982 -1.021809 0.504968
1804983086436928 1.917453 0.337279 1.226021 0.499567 -0.594912 0.537699 -0.799853 0.053029 0.495219 0.418170 0.720992 -0.400376 -0.494443 -0.141266 -0.984123 0.199489
1815396745342476 2.095009 0.292686 1.113314 0.231839 -0.551743 0.252009 -0.775775 -0.100097 0.148574 0.390492 0.529821 -0.353752 -0.700216 0.098879 -0.947697 0.320503
370140636651465 1.511618 1.979393 -0.130565 -0.927348 0.804729 0.693599 -0.712055 0.256890 1.390864 -0.462030 0.719775 0.195066 0.365444 -1.181477 -0.105488 0.269126
1757143927884571 1.358691 1.934976 -0.144819 -0.808842 0.843816 0.720737 -0.591473 0.295471 1.264568 -0.412921 0.825304 0.240405 0.514281 -1.055266 -0.009847 0.220839
1757108964554734 1.603193 2.006045 -0.024611 -1.024322 0.976868 0.722693 -0.550045 0.346852 1.290595 -0.464585 0.788877 0.316338 0.364150 -1.230637 0.047782 0.309970
1815402648675219 1.974357 0.216405 1.376573 0.257564 -0.398577 0.202424 -0.618357 0.054774 0.161080 0.349438 0.658559 -0.384788 -0.638469 -0.016357 -0.908355 0.432216
1816157185266432 1.918831 0.417538 1.204104 0.348927 -0.405668 0.308361 -0.613248 0.058039 0.363632 0.352921 0.668322 -0.461369 -0.596093 0.151996 -1.007690 0.379124
1804697303132173 1.826503 0.459150 1.321827 0.472073 -0.412903 0.275545 -0.641348 0.152585 0.363897 0.421959 0.583772 -0.384744 -0.499308 0.047949 -1.051289 0.221190
353104921698747 1.276066 1.367553 0.074014 -0.512869 1.975891 0.110963 0.886129 0.393727 0.236447 0.476291 0.097368 -0.216185 -0.614367 1.124078 -0.627577 -0.868986
1115746815170081 1.844609 0.334993 -0.148495 -0.319131 -1.046194 0.874333 -0.538944 -0.711249 0.784824 -0.919860 0.058179 0.080917 -0.536238 0.802883 -0.185149 -0.940666
1775091079426129 1.806779 0.469525 -0.078355 -0.266912 -1.140356 0.830036 -0.499428 -0.577187 0.935402 -0.728234 0.127994 0.051807 -0.562101 0.932998 -0.203678 -0.974124
190853153177 1.950499 -0.031648 0.873807 -0.384725 1.410902 0.242280 0.883212 -0.216011 -0.083850 -1.929861 0.253254 0.179063 -0.123017 -0.947579 -0.285035 -0.898102
205937199830736 1.692557 0.490375 0.019637 -0.265645 -1.008372 0.820958 -0.599744 -0.557329 0.873092 -0.608095 0.089370 -0.079044 -0.483087 0.888181 -0.280343 -0.841821
465310653639244 1.775420 0.341504 1.118108 0.274250 -0.460189 0.254391 -0.775593 -0.008266 0.345095 0.444855 0.526359 -0.310606 -0.594315 0.067145 -1.004150 0.392182
1815468805335270 1.895542 0.556588 1.238527 0.319769 -0.430244 0.188933 -0.654632 0.055052 0.281021 0.467748 0.604715 -0.372349 -0.619720 0.064945 -1.044347 0.372678
1055998141184348 1.753249 0.448142 -0.052569 -0.212784 -0.946601 0.811329 -0.614125 -0.629574 0.947283 -0.660311 0.023905 -0.054224 -0.395824 0.798656 -0.285685 -0.768430
205427803215009 1.718860 0.419683 0.097381 -0.316684 -0.915556 0.589230 -0.518746 -0.533891 0.832534 -0.646221 -0.058473 -0.112560 -0.507562 0.901754 -0.296488 -0.695970
1115810871830342 1.778549 0.437518 -0.099426 -0.235315 -0.937339 0.860173 -0.537535 -0.610718 0.820171 -0.768349 0.036240 -0.044513 -0.532610 0.938024 -0.308284 -0.819340
1826308794255983 1.576621 0.281042 -0.113373 -0.190878 -0.829311 0.821555 -0.589432 -0.764730 0.862487 -0.597167 0.047849 -0.118160 -0.613650 0.919066 -0.289503 -0.844776
205449973212792 1.801708 0.535337 -0.239131 -0.425093 -0.969583 0.620586 -0.555288 -0.732774 0.837717 -0.721721 -0.042296 -0.065269 -0.523328 0.814466 -0.354080 -0.726167
112905748806596 0.893175 2.228906 0.730873 1.063949 -0.127773 0.613944 -0.762405 0.339561 0.913260 0.557682 1.028294 -0.647189 0.282557 0.250574 -1.357809 -0.181081
1115763638501732 1.911686 0.514183 -0.009819 -0.488891 -0.965700 0.528998 -0.612959 -0.799029 0.870029 -0.804469 -0.112470 0.054078 -0.569442 0.811349 -0.224058 -0.815730
1654082311588049 1.236392 1.964122 -0.227753 -0.879092 0.984568 0.752319 -0.612530 0.241753 1.242947 -0.385297 0.662886 0.230654 0.378226 -1.171939 -0.110400 0.238187
204217953342721 1.660972 0.561308 -0.169432 -0.284853 -0.863419 0.789122 -0.601627 -0.762967 0.849837 -0.668605 0.087145 -0.081814 -0.493700 0.944132 -0.256257 -0.896225
1806408416314792 0.123628 1.547899 -0.240136 0.075853 0.926575 0.775968 -0.622605 0.729746 1.205941 -0.728009 0.236484 -0.867666 -2.037585 -0.115326 -0.974661 -0.554240
1710088912593013 1.665144 0.521031 -0.109904 -0.309823 -0.948561 0.809519 -0.503692 -0.667518 1.034853 -0.922520 0.011752 0.026913 -0.485162 0.905858 -0.232263 -0.930770
110693025319 -0.169616 0.677379 0.275435 -0.048282 0.828586 1.058946 -0.007935 0.134743 0.966208 -0.128506 0.695120 -0.537956 -0.942879 0.620670 -1.647005 -0.377550
1774135676149336 0.483776 -0.430358 0.834760 0.361478 0.649354 1.063646 -0.481791 -0.372729 0.956798 0.070451 -0.075570 -0.547910 -0.601316 0.570469 -0.936254 -1.197089
148810165134014 0.829078 0.061191 -0.494263 0.249288 1.940007 1.362795 -0.625791 -0.427507 0.830263 -0.642406 -0.058970 -0.566156 0.510729 0.380758 -0.483548 -0.924803
1699214220400481 1.788046 0.496641 -0.070842 -0.248894 -0.914982 0.654116 -0.391000 -0.629810 0.755236 -0.689431 0.030686 0.045076 -0.408493 0.858519 -0.237875 -0.866018
10250877124 0.171928 0.905026 0.158894 1.241142 1.274311 1.234351 -0.123488 -1.162136 0.626093 -0.135151 1.845432 -0.944601 -1.527120 -0.448896 0.674254 -0.736464
1775095222759048 1.641194 0.449192 -0.139891 -0.262316 -0.862615 0.902084 -0.679148 -0.641161 0.788399 -0.779330 0.126723 -0.104814 -0.512406 0.815573 -0.050437 -0.916292
380710662271506 1.400236 1.403350 0.036094 -0.398514 1.825215 0.120966 0.883681 0.422101 -0.015993 0.514020 0.362643 0.057317 -0.192261 1.139045 -0.660856 -0.962664
1808393676116266 0.229672 1.406021 -0.196157 0.187695 1.115339 0.571956 -0.377448 0.885669 1.004946 -0.727237 0.139479 -1.037242 -1.862820 0.319445 -0.833478 -0.484758
100007128124481 1.552438 0.369535 -0.076013 -0.184905 -0.979291 0.824142 -0.478500 -0.531466 0.940361 -0.706521 0.126709 -0.083530 -0.507323 0.828962 -0.200454 -0.799496
1763707100564527 0.665771 0.571193 -0.092645 -0.457354 0.753991 0.279262 -0.933589 -1.084051 0.850978 0.401985 -0.071386 -0.459542 -0.581804 -0.065876 -1.128965 -0.380668
210312382427715 1.436207 1.931694 1.007510 0.690596 1.360527 1.033945 -0.068820 -1.263597 -0.892765 0.809077 0.245338 0.937275 -0.010493 1.304831 -0.482774 0.035067
384038368605402 1.316141 1.372300 0.053944 -0.446237 1.748769 0.169663 0.762140 0.347345 0.118029 0.629174 0.210494 -0.051175 -0.185774 1.126366 -0.713768 -0.831760
10210664077025436 0.113840 1.259199 -0.234331 0.157174 0.992126 0.636104 -0.488511 0.582073 1.095391 -0.685045 0.269228 -0.913436 -1.787022 0.013471 -0.787602 -0.481573
1783069205292043 0.572831 -0.338048 0.811489 0.059887 1.033684 0.931462 -0.493972 -0.513080 0.934307 -0.101596 -0.291835 -0.491108 -0.339120 0.361337 -0.903646 -0.927832
353490641660175 1.285014 1.416700 0.067127 -0.434716 1.824579 0.128155 0.927784 0.453570 0.128887 0.572156 0.266301 -0.082551 -0.459952 1.098498 -0.639224 -1.012438
1765467740388463 0.602222 0.757491 -0.097075 -0.517921 0.568629 0.386325 -1.021564 -0.874763 1.029752 0.110569 -0.050438 -0.690186 -0.640105 -0.299533 -0.999180 -0.003085
1774273632802207 0.507536 -0.360601 0.839458 0.252633 0.884397 0.991880 -0.424291 -0.601667 0.871361 -0.015440 -0.214585 -0.468278 -0.368068 0.701620 -0.991886 -1.016644
1708362959481147 0.634629 -0.534116 0.966189 0.229859 0.594628 0.999788 -0.579270 -0.326984 1.090355 -0.182990 -0.117524 -0.662452 -0.466860 0.450640 -0.903682 -0.811653
1761675290760069 0.440019 0.594825 -0.334976 0.283128 0.665112 1.208730 -0.748332 -1.283299 0.968448 0.169460 0.597062 -1.060630 -0.551038 0.597602 -0.037862 -0.922820
1774631766099727 0.607525 -0.551405 1.002987 0.103169 0.873888 0.916055 -0.539405 -0.558399 1.083722 -0.214536 -0.307451 -0.679239 -0.425423 0.472082 -0.896425 -0.887536
1812105915745042 0.252422 0.277777 -0.293072 -0.020567 0.354519 1.041675 -0.986431 -0.612858 0.770466 0.514651 0.314659 0.142054 -1.312739 -0.297661 -0.955269 -1.780532
1763617527240151 0.560082 0.478977 -0.019169 -0.420924 0.698235 0.502338 -1.029604 -0.802571 0.903826 0.163000 -0.036490 -0.697539 -0.742128 -0.273002 -1.133976 0.146962
1765231247078779 0.768536 0.576028 -0.082780 -0.250802 0.449704 0.258421 -0.864210 -0.952126 0.672159 0.301599 -0.122344 -0.612030 -0.474929 0.035165 -0.740442 0.023085
1765721647029739 0.750799 0.803964 -0.068270 -0.570389 0.626442 0.283129 -0.976715 -1.011726 0.823486 0.156567 -0.169339 -0.616301 -0.607408 -0.047172 -1.198292 -0.211446
181236505674009 0.385008 0.370687 -0.522363 0.194141 1.275188 1.486054 -0.674058 -0.684844 -0.178423 -0.009268 0.128948 -0.147213 -0.721730 -0.377131 -1.499479 -0.767879
566161870250833 0.339408 0.687697 -0.338412 0.280545 0.757343 1.004090 -0.575863 -1.313631 0.884141 0.229513 0.767012 -1.007251 -0.642049 0.328776 0.013856 -0.858762
106447832755806 0.873115 1.567641 -0.191282 -0.453421 1.275399 -0.238773 -0.648337 -1.341870 0.777964 -0.419091 -0.973866 -0.841771 -0.528926 -0.126748 -0.691947 -0.421105
